ALX,ALY,ALZ,ARX,ARY,ARZ,EMG0L,EMG1L,EMG2L,EMG3L,EMG4L,EMG5L,EMG6L,EMG7L,EMG0R,EMG1R,EMG2R,EMG3R,EMG4R,EMG5R,EMG6R,EMG7R,GLX,GLY,GLZ,GRX,GRY,GRZ,ORL,OPL,OYL,ORR,OPR,OYR,LHNX,LHNY,LHNZ,RHNX,RHNY,RHNZ,HX,HY,HZ,LTX,LTY,LTZ,RTX,RTY,RTZ,SpineMidX,SpineMidY,SpineMidZ,SpineBaseX,SpineBaseY,SpineBaseZ,ShoulderLeftX,ShoulderLeftY,ShoulderLeftZ,ShoulderRightX,ShoulderRightY,ShoulderRightZ,ElbowLeftX,ElbowLeftY,ElbowLeftZ,ElbowRightX,ElbowRightY,ElbowRightZ,Myo_Pose_left,Myo_Pose_Right,Kinect_pose_left,Kinect_pose_right
0.9365234,0.2670898,0.09912109,0.9760742,-0.1669922,0.1064453,5,0,-1,0,-2,-2,-1,-1,1,0,-1,-1,-2,-1,0,-3,-0.3125,-0.3125,-0.3125,-1.125,-1.125,-1.125,6.925456,2.95623,3.063162,3.317322,2.810626,6.273522,-0.2305799,-0.4305767,1.436883,0.1701492,-0.4169165,1.446135,-0.05479273,0.4251466,1.511738,-0.2775514,-0.4299655,1.4419,0.1211699,-0.3862098,1.423163,-0.04315768,-0.03397769,1.541302,-0.03659173,-0.343561,1.521833,-0.2233883,0.1239402,1.512421,-0.112713,-0.3362368,1.488025,-0.265815,-0.1302168,1.502488,0.1772859,-0.1357597,1.511185,NA,NA,NotTracked,NotTracked,
0.9360352,0.2514648,0.09814453,0.9760742,-0.1669922,0.1064453,0,1,-1,0,-2,-1,-1,1,1,0,-1,-1,-2,-1,0,-3,-0.8125,-0.8125,-0.8125,-1.125,-1.125,-1.125,6.925625,2.957806,3.060493,3.317322,2.810626,6.273522,-0.2303839,-0.4299863,1.436144,0.1703728,-0.4161733,1.446096,-0.05483861,0.4251846,1.51174,-0.27671,-0.4355753,1.442303,0.1211942,-0.3889621,1.422246,-0.04326817,-0.03392307,1.541367,-0.03666671,-0.3434843,1.521836,-0.2238245,0.1240325,1.512941,-0.1127938,-0.3361686,1.488066,-0.2660124,-0.1299716,1.502698,0.177218,-0.1356792,1.511276,NA,NA,NotTracked,NotTracked,
0.9394531,0.2666016,0.1005859,0.9760742,-0.1669922,0.1064453,-2,-1,-3,-2,-1,0,-1,-5,1,0,-1,-1,-2,-1,0,-3,1.6875,1.6875,1.6875,-1.125,-1.125,-1.125,6.930888,2.959919,3.057728,3.317322,2.810626,6.273522,-0.2309497,-0.4303187,1.436256,0.1708201,-0.416468,1.445685,-0.05487836,0.4252093,1.511755,-0.2770846,-0.438484,1.439523,0.1212107,-0.3899675,1.422723,-0.04332564,-0.03389106,1.541362,-0.03668685,-0.3434754,1.521813,-0.2243412,0.1237094,1.513338,-0.1128189,-0.3361748,1.488032,-0.2660718,-0.1301143,1.502636,0.1772507,-0.1357351,1.511264,NA,NA,NotTracked,NotTracked,
0.9321289,0.2514648,0.1103516,0.9760742,-0.1669922,0.1064453,-5,-2,-1,0,-2,0,-1,1,1,0,-1,-1,-2,-1,0,-3,0.125,0.125,0.125,-1.125,-1.125,-1.125,6.926451,2.961354,3.059528,3.317322,2.810626,6.273522,-0.2308876,-0.4301423,1.436031,0.1709092,-0.4166031,1.445051,-0.05496665,0.4252126,1.511793,-0.275343,-0.4446389,1.437482,0.1212582,-0.3904566,1.422301,-0.04343526,-0.03390186,1.541422,-0.0367218,-0.3434873,1.521812,-0.2244753,0.1235653,1.513576,-0.1128409,-0.3361867,1.488026,-0.266145,-0.1301555,1.502772,0.1772925,-0.135989,1.511266,NA,NA,NotTracked,NotTracked,
0.925293,0.2675781,0.09863281,0.9760742,-0.1669922,0.1064453,1,1,-3,1,1,-3,-1,-1,1,0,-1,-1,-2,-1,0,-3,-1.75,-1.75,-1.75,-1.125,-1.125,-1.125,6.927319,2.962678,3.058381,3.317322,2.810626,6.273522,-0.2302413,-0.4327492,1.435331,0.1709964,-0.4164909,1.445218,-0.05511148,0.4252645,1.511878,-0.2748995,-0.4430535,1.434969,0.1205865,-0.4365366,1.421945,-0.04346479,-0.03393353,1.541422,-0.03674681,-0.3435218,1.521764,-0.2245225,0.1234366,1.513541,-0.1128788,-0.3362342,1.487936,-0.2662694,-0.1302418,1.502834,0.1772299,-0.1358931,1.511302,NA,NA,NotTracked,NotTracked,
0.9384766,0.25,0.1123047,0.9760742,-0.1669922,0.1064453,1,-1,1,-1,-1,-1,0,0,1,0,-1,-1,-2,-1,0,-3,0.6875,0.6875,0.6875,-1.125,-1.125,-1.125,6.924546,2.963381,3.059765,3.317322,2.810626,6.273522,-0.2300022,-0.4329491,1.435683,0.1708627,-0.4166622,1.44523,-0.05536845,0.4253085,1.512094,-0.2726991,-0.4493657,1.429319,0.1208325,-0.3861614,1.42151,-0.04354374,-0.03394646,1.541505,-0.03676323,-0.3435494,1.521793,-0.2247337,0.1232922,1.513713,-0.112897,-0.3362723,1.487982,-0.266321,-0.1303052,1.502904,0.1772081,-0.1359742,1.511331,NA,NA,NotTracked,NotTracked,
0.9306641,0.2651367,0.1015625,0.9760742,-0.1669922,0.1064453,0,-1,-2,0,0,0,-2,0,1,0,-1,-1,-2,-1,0,-3,2.125,2.125,2.125,-1.125,-1.125,-1.125,6.928257,2.961522,3.060498,3.317322,2.810626,6.273522,-0.2301001,-0.4303345,1.436145,0.1705265,-0.416432,1.445613,-0.05551222,0.4253674,1.51213,-0.2768223,-0.4391877,1.440631,0.1211473,-0.3878922,1.422961,-0.04359258,-0.03391315,1.541503,-0.03679625,-0.3435318,1.521769,-0.2249096,0.1231853,1.513857,-0.1129191,-0.3362677,1.487966,-0.2664691,-0.1301932,1.503051,0.1771711,-0.1360653,1.511274,NA,NA,NotTracked,NotTracked,
0.9365234,0.2553711,0.1010742,0.9760742,-0.1669922,0.1064453,-2,-2,-1,-1,-1,0,0,0,1,0,-1,-1,-2,-1,0,-3,-0.3125,-0.3125,-0.3125,-1.125,-1.125,-1.125,6.924686,2.959124,3.064069,3.317322,2.810626,6.273522,-0.2305411,-0.4324635,1.435904,0.1699948,-0.4160318,1.445722,-0.05574636,0.4254266,1.512218,-0.274673,-0.4419785,1.434913,0.1208533,-0.3894843,1.422122,-0.04369983,-0.03389608,1.541537,-0.03684894,-0.3435236,1.521781,-0.2249745,0.1232038,1.513781,-0.1129991,-0.3362569,1.488003,-0.2665171,-0.1302119,1.503115,0.1770656,-0.1358276,1.511323,NA,NA,NotTracked,NotTracked,
0.9306641,0.2739258,0.09912109,0.9760742,-0.1669922,0.1064453,-1,-1,-2,0,-1,0,0,-2,1,0,-1,-1,-2,-1,0,-3,-1.875,-1.875,-1.875,-1.125,-1.125,-1.125,6.925659,2.95889,3.062542,3.317322,2.810626,6.273522,-0.2302294,-0.4329009,1.435996,0.1697201,-0.416633,1.445599,-0.05591216,0.4253991,1.512377,-0.2745755,-0.4430861,1.432911,0.1226544,-0.4113302,1.42542,-0.04373641,-0.03391172,1.541636,-0.03687636,-0.3435224,1.521816,-0.2250733,0.1234246,1.514014,-0.1130129,-0.3362675,1.488081,-0.2667497,-0.129811,1.50328,0.1769442,-0.1356713,1.511448,NA,NA,NotTracked,NotTracked,
0.987793,0.3286133,0.08447266,0.9760742,-0.1669922,0.1064453,1,-4,-1,0,0,-1,-2,2,1,0,-1,-1,-2,-1,0,-3,-5.0625,-5.0625,-5.0625,-1.125,-1.125,-1.125,6.917395,2.964205,3.066082,3.317322,2.810626,6.273522,-0.2306093,-0.4326901,1.436561,0.1696644,-0.4158266,1.445654,-0.05614425,0.4253593,1.512517,-0.2755996,-0.442322,1.435585,0.1212167,-0.3906691,1.423951,-0.04387904,-0.03393955,1.541744,-0.03698192,-0.3435482,1.521847,-0.225284,0.1232458,1.514048,-0.11314,-0.3363495,1.488169,-0.266853,-0.1303976,1.503626,0.1768819,-0.1357468,1.51153,NA,NA,NotTracked,NotTracked,
0.9477539,0.3149414,0.1508789,0.9760742,-0.1669922,0.1064453,5,2,1,-1,0,0,0,1,1,0,-1,-1,-2,-1,0,-3,-21.8125,-21.8125,-21.8125,-1.125,-1.125,-1.125,6.833679,2.998142,3.120981,3.317322,2.810626,6.273522,-0.2304915,-0.4320567,1.4363,0.1681319,-0.4145589,1.439821,-0.05626406,0.4253762,1.512618,-0.2754002,-0.4411709,1.435443,0.1525087,-0.3853593,1.476903,-0.04394079,-0.03393463,1.541828,-0.03702703,-0.3435247,1.521888,-0.2252924,0.1231289,1.513985,-0.1131824,-0.3363371,1.488216,-0.2668945,-0.1303254,1.503668,0.1769234,-0.1348211,1.511885,NA,NA,NotTracked,NotTracked,
0.8984375,0.3056641,0.2529297,0.9760742,-0.1669922,0.1064453,0,1,0,0,1,-1,-1,0,1,0,-1,-1,-2,-1,0,-3,-7.6875,-7.6875,-7.6875,-1.125,-1.125,-1.125,6.721318,3.051412,3.213826,3.317322,2.810626,6.273522,-0.2305934,-0.4321837,1.436491,0.1669457,-0.4111792,1.429481,-0.05639151,0.4254595,1.512748,-0.2791819,-0.4332317,1.448778,0.1475729,-0.3972787,1.465673,-0.04401672,-0.03389149,1.541899,-0.03710103,-0.3434626,1.521958,-0.2253276,0.1232666,1.514034,-0.1132511,-0.3362757,1.488234,-0.2670932,-0.1301568,1.503808,0.1774707,-0.1336025,1.51206,NA,NA,NotTracked,NotTracked,
0.9350586,0.3989258,0.2202148,0.9760742,-0.1669922,0.1064453,2,-2,1,-1,0,-1,-1,0,1,0,-1,-1,-2,-1,0,-3,-19.0625,-19.0625,-19.0625,-1.125,-1.125,-1.125,6.624214,3.150909,3.294548,3.317322,2.810626,6.273522,-0.2307419,-0.432073,1.436027,0.1709558,-0.4052618,1.406319,-0.05670173,0.4254889,1.51296,-0.2750553,-0.4420695,1.435716,0.1338223,-0.4028859,1.438907,-0.04420252,-0.03386557,1.542038,-0.03724731,-0.343448,1.522032,-0.2255504,0.1232654,1.514314,-0.1133833,-0.3362757,1.488269,-0.2670192,-0.1303487,1.503846,0.1777588,-0.1325438,1.511454,NA,NA,NotTracked,NotTracked,
0.9208984,0.4448242,0.3085938,0.9760742,-0.1669922,0.1064453,-9,-9,-5,-3,-3,-3,-2,0,1,0,-1,-1,-2,-1,0,-3,-19.8125,-19.8125,-19.8125,-1.125,-1.125,-1.125,6.529124,3.262634,3.362097,3.317322,2.810626,6.273522,-0.229893,-0.432873,1.435516,0.1761854,-0.3965932,1.364568,-0.05704316,0.425545,1.513595,-0.2719263,-0.4498119,1.424375,0.1734763,-0.4334943,1.39045,-0.04433664,-0.03385151,1.542187,-0.03732554,-0.3434311,1.522094,-0.2256942,0.1232702,1.514477,-0.1134508,-0.3362557,1.488261,-0.2671017,-0.1304118,1.50385,0.1777799,-0.1298185,1.509277,NA,NA,NotTracked,Lasso,
0.9243164,0.565918,0.4423828,0.9760742,-0.1669922,0.1064453,0,5,4,6,6,1,-3,-2,1,0,-1,-1,-2,-1,0,-3,-15.875,-15.875,-15.875,-1.125,-1.125,-1.125,6.436502,3.444211,3.436186,3.317322,2.810626,6.273522,-0.2297063,-0.4356981,1.435165,0.1744354,-0.3633821,1.308076,-0.05739374,0.4255152,1.514462,-0.2772655,-0.4409189,1.44075,0.1697534,-0.3936514,1.326444,-0.04448351,-0.03384561,1.542329,-0.0375245,-0.343382,1.522195,-0.2259664,0.1232975,1.51463,-0.1136345,-0.3362098,1.488304,-0.2672107,-0.1301693,1.504008,0.1780441,-0.123146,1.504003,NA,NA,NotTracked,Lasso,
0.8618164,0.7358398,0.6064453,0.9760742,-0.1669922,0.1064453,-4,-11,1,-5,-6,-2,0,-2,1,0,-1,-1,-2,-1,0,-3,-20.625,-20.625,-20.625,-1.125,-1.125,-1.125,6.358246,3.708732,3.504148,3.317322,2.810626,6.273522,-0.229578,-0.4346789,1.435387,0.1702951,-0.2942427,1.240584,-0.05762881,0.4256119,1.51519,-0.2712645,-0.4515151,1.426878,0.1430495,-0.3157535,1.237625,-0.04484565,-0.03378833,1.542499,-0.03837428,-0.3431135,1.522079,-0.2260914,0.1233127,1.514799,-0.1146335,-0.3359444,1.488046,-0.2672383,-0.130135,1.504048,0.1786349,-0.1022114,1.498377,NA,NA,NotTracked,Lasso,
0.6328125,0.7626953,0.8354492,0.9760742,-0.1669922,0.1064453,2,1,-3,-6,0,-4,0,-3,1,0,-1,-1,-2,-1,0,-3,-19.125,-19.125,-19.125,-1.125,-1.125,-1.125,6.257193,4.234393,3.58097,3.317322,2.810626,6.273522,-0.2289468,-0.4352757,1.435194,0.1644621,-0.1883144,1.170967,-0.05774927,0.4257627,1.516029,-0.2737369,-0.4457305,1.432459,0.1327203,-0.2298259,1.143875,-0.04521757,-0.03360296,1.542821,-0.03931267,-0.3427332,1.522132,-0.2262189,0.1234333,1.515009,-0.1155975,-0.3355305,1.488051,-0.2671813,-0.1298034,1.504315,0.1779612,-0.08427481,1.489599,NA,NA,NotTracked,Unknown,
0.3188477,0.828125,0.9125977,0.9760742,-0.1669922,0.1064453,5,7,7,-6,-4,1,-4,-2,1,0,-1,-1,-2,-1,0,-3,-35.1875,-35.1875,-35.1875,-1.125,-1.125,-1.125,6.200391,4.722854,3.626975,3.317322,2.810626,6.273522,-0.2286351,-0.4346575,1.434079,0.1465427,-0.05844167,1.140654,-0.05775528,0.4259603,1.517584,-0.2737992,-0.4457049,1.432303,0.1046666,-0.08081529,1.149,-0.04551042,-0.03353379,1.543283,-0.03992507,-0.3425249,1.522237,-0.2264468,0.1234843,1.515367,-0.1162631,-0.3353872,1.488331,-0.2672297,-0.1292733,1.504472,0.2311242,-0.05893251,1.469182,NA,NA,NotTracked,Unknown,
-0.1704102,0.6088867,0.8476563,0.9760742,-0.1669922,0.1064453,47,7,4,2,9,-1,-4,-3,1,0,-1,-1,-2,-1,0,-3,-44.6875,-44.6875,-44.6875,-1.125,-1.125,-1.125,6.102489,5.437241,3.683416,3.317322,2.810626,6.273522,-0.228823,-0.4346692,1.433343,0.1334031,0.09302997,1.144309,-0.05690641,0.4258299,1.519327,-0.2739063,-0.4379605,1.433804,0.09833755,0.07677688,1.144333,-0.0462608,-0.03433648,1.54431,-0.0408542,-0.3443644,1.522501,-0.2262673,0.1233798,1.51555,-0.1171985,-0.3371297,1.488965,-0.26723,-0.1291607,1.504428,0.1996184,-0.0873798,1.373315,NA,NA,NotTracked,Unknown,
-0.3144531,0.550293,0.7373047,0.9760742,-0.1669922,0.1064453,31,3,2,3,-30,-6,-1,6,1,0,-1,-1,-2,-1,0,-3,-32.5625,-32.5625,-32.5625,-1.125,-1.125,-1.125,6.066116,5.944206,3.719261,3.317322,2.810626,6.273522,-0.2293899,-0.4309137,1.434151,0.1133359,0.219438,1.181168,-0.05666201,0.4257666,1.520938,-0.271547,-0.4448757,1.429607,0.07592148,0.2049415,1.175471,-0.04621606,-0.0329841,1.544457,-0.04242394,-0.3423981,1.521936,-0.2252501,0.1231199,1.51614,-0.119825,-0.3348396,1.489297,-0.2652151,-0.1219146,1.505446,0.1865942,0.02172436,1.304026,NA,NA,NotTracked,Unknown,
-0.5742188,0.4257813,0.5356445,0.9760742,-0.1669922,0.1064453,-33,-7,1,-16,27,-5,-8,-2,1,0,-1,-1,-2,-1,0,-3,-48,-48,-48,-1.125,-1.125,-1.125,6.039793,6.378129,3.788601,3.317322,2.810626,6.273522,-0.2298206,-0.4286094,1.435305,0.1041139,0.2951168,1.227853,-0.05671017,0.4256388,1.522369,-0.2763182,-0.4296082,1.444267,0.07276769,0.2745989,1.209893,-0.04623954,-0.03215627,1.544501,-0.04364204,-0.3411278,1.521509,-0.221255,0.1249755,1.516924,-0.1216762,-0.33336,1.489336,-0.2650067,-0.1204922,1.505889,0.175149,0.08871054,1.277652,NA,NA,NotTracked,Unknown,
-0.5693359,0.2714844,0.3876953,0.9760742,-0.1669922,0.1064453,3,-2,3,-23,-4,-4,2,1,1,0,-1,-1,-2,-1,0,-3,-33.0625,-33.0625,-33.0625,-1.125,-1.125,-1.125,6.092,6.709357,3.923084,3.317322,2.810626,6.273522,-0.2302028,-0.4292612,1.437473,0.1026678,0.3276136,1.261227,-0.05647796,0.4258343,1.524071,-0.2736154,-0.437407,1.437483,0.07210298,0.3129561,1.252,-0.04624028,-0.03158476,1.544478,-0.04435455,-0.3401715,1.52111,-0.219632,0.1264004,1.517245,-0.1224474,-0.3326836,1.489509,-0.2648857,-0.1200542,1.506604,0.1737777,0.1197076,1.272541,NA,NA,NotTracked,Unknown,
-0.5703125,0.1723633,0.2387695,0.9760742,-0.1669922,0.1064453,-15,-8,0,-12,-17,-4,-11,-9,1,0,-1,-1,-2,-1,0,-3,-25.8125,-25.8125,-25.8125,-1.125,-1.125,-1.125,6.233919,6.935359,4.124816,3.317322,2.810626,6.273522,-0.2306787,-0.4299132,1.437654,0.1036396,0.337133,1.27462,-0.05632827,0.4256494,1.5251,-0.2745331,-0.4347838,1.438052,0.03960428,0.3729252,1.2918,-0.04612194,-0.03111028,1.544405,-0.04457622,-0.3394446,1.520777,-0.2187005,0.1273683,1.517879,-0.1226685,-0.3323256,1.48969,-0.2647224,-0.1197081,1.507919,0.1721818,0.1251203,1.271145,NA,NA,NotTracked,Closed,
-0.7246094,0.1875,0.184082,0.9760742,-0.1669922,0.1064453,-17,-14,-2,-18,-9,-6,3,0,1,0,-1,-1,-2,-1,0,-3,-11.6875,-11.6875,-11.6875,-1.125,-1.125,-1.125,6.382036,7.077498,4.33247,3.317322,2.810626,6.273522,-0.230897,-0.4295427,1.439253,0.07604461,0.3776517,1.296452,-0.05645775,0.4254472,1.526202,-0.2747852,-0.4258178,1.443478,0.04010256,0.3721752,1.3179,-0.04611152,-0.03055822,1.544343,-0.04494925,-0.3386739,1.520361,-0.2178571,0.1281858,1.518629,-0.1231454,-0.3319136,1.489844,-0.2646446,-0.1197349,1.509829,0.1650556,0.1407732,1.267818,NA,NA,NotTracked,Closed,
-0.8549805,0.2226563,0.1542969,0.9760742,-0.1669922,0.1064453,-11,1,0,16,40,3,-1,-15,1,0,-1,-1,-2,-1,0,-3,-8.0625,-8.0625,-8.0625,-1.125,-1.125,-1.125,6.379503,7.088098,4.33968,3.317322,2.810626,6.273522,-0.230923,-0.429956,1.438576,0.07013433,0.3805276,1.294793,-0.05705745,0.4253069,1.52698,-0.2720341,-0.4384294,1.432847,0.03275741,0.374506,1.3335,-0.04621956,-0.03003269,1.544111,-0.04579949,-0.3379819,1.519708,-0.2172847,0.1286716,1.519071,-0.1241423,-0.3313439,1.490015,-0.2647158,-0.1197627,1.510943,0.1614565,0.1453399,1.265609,NA,NA,NotTracked,Closed,
-0.9189453,0.2539063,0.1958008,0.9760742,-0.1669922,0.1064453,19,12,-5,-12,5,-3,2,15,1,0,-1,-1,-2,-1,0,-3,-19.625,-19.625,-19.625,-1.125,-1.125,-1.125,6.377721,7.072184,4.365305,3.317322,2.810626,6.273522,-0.2312813,-0.4274249,1.440597,0.06451427,0.3824866,1.294404,-0.05771899,0.4253313,1.52751,-0.2752426,-0.434442,1.440523,0.03061943,0.3740735,1.298533,-0.04622428,-0.0294353,1.543881,-0.04612427,-0.3374721,1.519254,-0.2168969,0.1289534,1.519288,-0.1246192,-0.3309727,1.490233,-0.2647837,-0.1192795,1.512242,0.1578322,0.148109,1.264116,NA,NA,NotTracked,Unknown,
-0.9707031,0.2568359,0.1884766,0.9760742,-0.1669922,0.1064453,-13,-8,-3,0,-15,-5,-4,-10,1,0,-1,-1,-2,-1,0,-3,-7.6875,-7.6875,-7.6875,-1.125,-1.125,-1.125,6.362565,7.051072,4.37434,3.317322,2.810626,6.273522,-0.2324288,-0.4272794,1.440296,-0.02091317,0.4407912,1.409984,-0.05836556,0.4253611,1.527541,-0.2742108,-0.4343542,1.438589,-0.07196715,0.4201004,1.391278,-0.04645812,-0.02866185,1.543581,-0.04707131,-0.3367814,1.518775,-0.2161993,0.1296699,1.520891,-0.125727,-0.3303667,1.490579,-0.2650424,-0.1179225,1.513092,0.15654,0.1481588,1.260104,NA,NA,NotTracked,NotTracked,
-0.9414063,0.2109375,0.1181641,0.9760742,-0.1669922,0.1064453,19,38,7,-13,-12,-1,2,14,1,0,-1,-1,-2,-1,0,-3,-5.875,-5.875,-5.875,-1.125,-1.125,-1.125,6.313459,7.011835,4.340163,3.317322,2.810626,6.273522,-0.2323763,-0.4279469,1.440248,0.05744335,0.3803641,1.28462,-0.05922182,0.425298,1.5275,-0.2782254,-0.4322422,1.4495,0.02644809,0.3650138,1.276,-0.04659709,-0.02837728,1.543315,-0.04768389,-0.3366001,1.518279,-0.2161068,0.1297636,1.520865,-0.1264984,-0.330228,1.490585,-0.2650317,-0.1175594,1.513549,0.1531134,0.1470248,1.258926,NA,NA,NotTracked,Unknown,
-1.118652,0.1196289,0.003417969,0.9760742,-0.1669922,0.1064453,-6,-4,1,18,-43,-3,-1,0,1,0,-1,-1,-2,-1,0,-3,-4.1875,-4.1875,-4.1875,-1.125,-1.125,-1.125,6.194975,6.929933,4.22015,3.317322,2.810626,6.273522,-0.2335202,-0.4276482,1.439543,0.05332572,0.376825,1.254685,-0.06034491,0.4253018,1.527349,-0.2761309,-0.4360292,1.441947,0.02818098,0.3539215,1.234833,-0.04680287,-0.02813558,1.542984,-0.04845558,-0.3364735,1.517625,-0.216045,0.1297776,1.520878,-0.127437,-0.3301893,1.490627,-0.2649717,-0.1174145,1.513794,0.1452468,0.1523916,1.256808,NA,NA,NotTracked,Unknown,
-1.283203,0.2524414,0.3037109,0.9760742,-0.1669922,0.1064453,6,-22,5,-28,-1,11,2,17,1,0,-1,-1,-2,-1,0,-3,18.6875,18.6875,18.6875,-1.125,-1.125,-1.125,5.961394,6.526564,3.938215,3.317322,2.810626,6.273522,-0.2332889,-0.4274902,1.438932,0.05769578,0.3584917,1.170604,-0.0617192,0.4248247,1.527686,-0.2769495,-0.4306616,1.445237,0.01843969,0.3580854,1.192875,-0.04687676,-0.02802609,1.542746,-0.0486787,-0.3364338,1.517156,-0.2157962,0.1301623,1.521854,-0.127663,-0.3302458,1.490616,-0.2649087,-0.1172489,1.513938,0.142625,0.1448734,1.236768,NA,NA,NotTracked,Unknown,
-0.1435547,0.6450195,0.8867188,0.9760742,-0.1669922,0.1064453,-22,1,39,36,57,17,11,6,1,0,-1,-1,-2,-1,0,-3,43,43,43,-1.125,-1.125,-1.125,5.989044,6.008191,3.868878,3.317322,2.810626,6.273522,-0.2332909,-0.4264625,1.437177,0.0602065,0.313749,1.073399,-0.06258782,0.4242216,1.527823,-0.2751312,-0.4418908,1.435875,0.01778577,0.3317042,1.1116,-0.04696784,-0.02799898,1.542525,-0.04884852,-0.3364417,1.516523,-0.2157917,0.1301995,1.52184,-0.1278497,-0.3302955,1.490442,-0.2648874,-0.1166619,1.514051,0.144048,0.1331243,1.210342,NA,NA,NotTracked,Unknown,
0.2861328,0.5922852,0.8647461,0.9760742,-0.1669922,0.1064453,-3,-10,-21,-70,-60,-18,0,7,1,0,-1,-1,-2,-1,0,-3,49.625,49.625,49.625,-1.125,-1.125,-1.125,6.033699,5.73743,3.836428,3.317322,2.810626,6.273522,-0.2328623,-0.4260856,1.436739,0.08116008,0.2502831,1.050369,-0.06328069,0.4245471,1.527937,-0.281632,-0.4359083,1.451143,0.03239891,0.2786925,1.0562,-0.04708684,-0.0279342,1.54239,-0.04906403,-0.3363844,1.516139,-0.2152948,0.1302052,1.523109,-0.1282313,-0.3303111,1.490279,-0.2649753,-0.1161007,1.51429,0.1454029,0.1264087,1.200482,NA,NA,NotTracked,Unknown,
-0.6376953,0.5527344,0.7807617,0.9760742,-0.1669922,0.1064453,32,5,6,-22,11,17,-7,-5,1,0,-1,-1,-2,-1,0,-3,-38.4375,-38.4375,-38.4375,-1.125,-1.125,-1.125,5.999102,5.728158,3.86721,3.317322,2.810626,6.273522,-0.2327948,-0.4243242,1.438662,0.07820438,0.2444418,1.048866,-0.06420843,0.4249204,1.527854,-0.2765546,-0.4062193,1.45312,0.0326857,0.2540785,1.043647,-0.04741464,-0.02795233,1.542118,-0.04994825,-0.3366179,1.515615,-0.2149669,0.1300799,1.523676,-0.1292137,-0.3305592,1.490327,-0.2650252,-0.1157405,1.514794,0.1430364,0.1222224,1.194312,NA,NA,NotTracked,Unknown,
-0.3969727,0.5678711,0.7587891,0.9760742,-0.1669922,0.1064453,10,-2,7,3,36,-9,3,-24,1,0,-1,-1,-2,-1,0,-3,-5.4375,-5.4375,-5.4375,-1.125,-1.125,-1.125,5.975778,5.708015,3.868429,3.317322,2.810626,6.273522,-0.2333842,-0.425481,1.441597,0.07557192,0.2421497,1.047186,-0.06513005,0.4251946,1.527463,-0.2755849,-0.4259604,1.445141,0.03182476,0.2492405,1.04415,-0.0477297,-0.02795552,1.54172,-0.05063876,-0.3368689,1.514918,-0.2149764,0.1297285,1.523263,-0.1300633,-0.3307459,1.490067,-0.2649231,-0.1148666,1.515692,0.1412233,0.1185563,1.19299,NA,NA,NotTracked,Unknown,
-0.4199219,0.5727539,0.7358398,0.9760742,-0.1669922,0.1064453,-6,-5,-13,-49,-19,-8,8,-17,1,0,-1,-1,-2,-1,0,-3,18.125,18.125,18.125,-1.125,-1.125,-1.125,6.006194,5.706614,3.880345,3.317322,2.810626,6.273522,-0.2339503,-0.4256961,1.441952,0.07285093,0.241143,1.048196,-0.0662901,0.4256506,1.526713,-0.2749892,-0.4265549,1.44368,0.03056632,0.2705512,1.09225,-0.04795974,-0.0278651,1.541407,-0.05119058,-0.3369439,1.514612,-0.2145685,0.1293239,1.523769,-0.1307801,-0.3307792,1.490215,-0.2651049,-0.1140089,1.516816,0.1400657,0.1167752,1.191354,NA,NA,NotTracked,Unknown,
-0.4467773,0.5322266,0.7524414,0.9760742,-0.1669922,0.1064453,6,4,-9,41,4,5,0,5,1,0,-1,-1,-2,-1,0,-3,4.9375,4.9375,4.9375,-1.125,-1.125,-1.125,6.025616,5.711751,3.892109,3.317322,2.810626,6.273522,-0.233655,-0.4247121,1.441895,0.0717549,0.2401224,1.048309,-0.06710572,0.4259385,1.525934,-0.2762149,-0.4257795,1.445074,0.02306078,0.2497269,1.099333,-0.04814011,-0.02774097,1.541159,-0.05172985,-0.3370377,1.514454,-0.2146541,0.1289629,1.523294,-0.1313894,-0.3308083,1.490333,-0.2648837,-0.1137385,1.517564,0.1392537,0.1148946,1.19052,NA,NA,NotTracked,Closed,
-0.3491211,0.5561523,0.6948242,0.9760742,-0.1669922,0.1064453,12,14,-2,-4,-1,1,2,3,1,0,-1,-1,-2,-1,0,-3,8.75,8.75,8.75,-1.125,-1.125,-1.125,6.045167,5.719174,3.911864,3.317322,2.810626,6.273522,-0.233183,-0.4224178,1.44219,0.07039983,0.2389576,1.052072,-0.06784617,0.4260436,1.525139,-0.276463,-0.433017,1.44265,0.02406788,0.2596068,1.0652,-0.04820736,-0.02778919,1.541,-0.05204316,-0.3371568,1.514237,-0.2146504,0.1289378,1.523205,-0.1317121,-0.3308727,1.490424,-0.2649052,-0.1129226,1.518317,0.1389958,0.1119637,1.190161,NA,NA,NotTracked,Unknown,
-0.2373047,0.5771484,0.5463867,0.9760742,-0.1669922,0.1064453,-1,-3,4,14,10,-1,-2,-2,1,0,-1,-1,-2,-1,0,-3,18.5,18.5,18.5,-1.125,-1.125,-1.125,6.087456,5.743738,3.939276,3.317322,2.810626,6.273522,-0.2338138,-0.422698,1.443483,0.07007475,0.2341397,1.062824,-0.06854288,0.4261161,1.524804,-0.2768027,-0.4291776,1.447224,0.02265741,0.2474099,1.075,-0.0482028,-0.027651,1.540783,-0.05243398,-0.3372283,1.514109,-0.2145469,0.1279811,1.523716,-0.1323598,-0.330891,1.490803,-0.2645857,-0.1130206,1.518918,0.1395441,0.1071398,1.190139,NA,NA,NotTracked,Unknown,
-0.07666016,0.5258789,0.4223633,0.9760742,-0.1669922,0.1064453,1,1,2,6,4,1,-4,1,1,0,-1,-1,-2,-1,0,-3,38.4375,38.4375,38.4375,-1.125,-1.125,-1.125,6.190747,5.785676,3.984776,3.317322,2.810626,6.273522,-0.2334597,-0.4225735,1.445031,0.07114749,0.2218185,1.084003,-0.07027746,0.4267845,1.525045,-0.2785153,-0.4300489,1.449538,0.01682069,0.2337566,1.0886,-0.04742427,-0.02614002,1.539801,-0.05272854,-0.3370695,1.514091,-0.2149217,0.1274782,1.523924,-0.1327554,-0.3307564,1.491109,-0.2637479,-0.1129325,1.519655,0.1466853,0.08559511,1.199741,NA,NA,NotTracked,Unknown,
-0.1469727,0.4838867,0.4648438,0.9760742,-0.1669922,0.1064453,10,3,-1,2,-2,0,2,1,1,0,-1,-1,-2,-1,0,-3,66.75,66.75,66.75,-1.125,-1.125,-1.125,6.324324,5.74033,4.051722,3.317322,2.810626,6.273522,-0.2336412,-0.4266833,1.445853,0.07979283,0.1725623,1.108984,-0.07566924,0.4282935,1.529282,-0.2774353,-0.4342893,1.446586,0.04390639,0.1492587,1.078895,-0.04803589,-0.02350623,1.538682,-0.05408037,-0.3381909,1.514249,-0.2169712,0.12803,1.52702,-0.1336136,-0.3318971,1.492246,-0.2626988,-0.1142914,1.521107,0.1673579,0.04704809,1.222589,NA,NA,NotTracked,Unknown,
-0.3110352,0.5766602,0.6362305,0.9760742,-0.1669922,0.1064453,1,-4,-5,-1,0,1,1,2,1,0,-1,-1,-2,-1,0,-3,49,49,49,-1.125,-1.125,-1.125,6.443597,5.52646,4.121609,3.317322,2.810626,6.273522,-0.233012,-0.431807,1.445312,0.04147394,0.1063482,1.135798,-0.0766758,0.4291191,1.537224,-0.2727998,-0.4466755,1.431923,0.04529644,0.08221429,1.0953,-0.04877956,-0.0255583,1.538147,-0.05542823,-0.344743,1.513678,-0.2183098,0.1275998,1.528639,-0.1334307,-0.3393624,1.494008,-0.260746,-0.1238029,1.524107,0.1974461,-0.01887168,1.259033,NA,NA,NotTracked,Unknown,
-0.2290039,0.6767578,0.7783203,0.9760742,-0.1669922,0.1064453,-3,-4,1,5,2,-1,-2,-1,1,0,-1,-1,-2,-1,0,-3,8.3125,8.3125,8.3125,-1.125,-1.125,-1.125,6.475737,5.086249,4.175044,3.317322,2.810626,6.273522,-0.234537,-0.4325315,1.449854,0.08454992,-0.0342216,1.146809,-0.07818411,0.4294336,1.54375,-0.2780282,-0.4488676,1.444422,0.0543237,0.004325707,1.1753,-0.04893069,-0.02544235,1.538009,-0.0560906,-0.3440294,1.5139,-0.2197493,0.1262887,1.535244,-0.1332418,-0.338812,1.494287,-0.2586032,-0.1274423,1.529571,0.2193918,-0.02609204,1.360605,NA,NA,NotTracked,Unknown,
0.1699219,1.047852,0.9165039,0.9760742,-0.1669922,0.1064453,-1,-3,1,3,-1,1,2,0,1,0,-1,-1,-2,-1,0,-3,-17,-17,-17,-1.125,-1.125,-1.125,6.437993,4.391909,4.210371,3.317322,2.810626,6.273522,-0.2351257,-0.4325665,1.452783,0.09317399,-0.1518235,1.170884,-0.07931487,0.4297263,1.547475,-0.2811225,-0.4492409,1.449639,0.02872171,-0.1377324,1.172857,-0.04882523,-0.02500738,1.537524,-0.0568155,-0.3426541,1.513409,-0.2189536,0.1251944,1.541835,-0.1329429,-0.3377156,1.494335,-0.2548393,-0.1282104,1.537339,0.2322393,-0.04187637,1.415594,NA,NA,NotTracked,Unknown,
0.6152344,0.8916016,0.8364258,0.9760742,-0.1669922,0.1064453,0,-8,-1,-3,-12,2,3,-1,1,0,-1,-1,-2,-1,0,-3,-19.75,-19.75,-19.75,-1.125,-1.125,-1.125,6.394166,4.023485,4.223522,3.317322,2.810626,6.273522,-0.2350126,-0.4329608,1.456341,0.1067336,-0.2524342,1.208531,-0.0787482,0.4297245,1.550163,-0.2769675,-0.4435737,1.443824,0.04864916,-0.2679401,1.2008,-0.04887944,-0.02499701,1.537253,-0.05911876,-0.3421292,1.512813,-0.2157035,0.1237075,1.54558,-0.1340505,-0.3367493,1.494352,-0.2501054,-0.1288065,1.545904,0.228001,-0.06367384,1.431507,NA,NA,NotTracked,Unknown,
0.6362305,0.8579102,0.5927734,0.9760742,-0.1669922,0.1064453,-1,-3,-2,-1,-1,-6,0,-1,1,0,-1,-1,-2,-1,0,-3,24.125,24.125,24.125,-1.125,-1.125,-1.125,6.425639,3.760662,4.201889,3.317322,2.810626,6.273522,-0.2364759,-0.4307323,1.462426,0.1298955,-0.3074418,1.247029,-0.07769204,0.42925,1.551449,-0.2780105,-0.4466766,1.448637,0.07819989,-0.336161,1.237,-0.04851172,-0.02505413,1.536784,-0.06000927,-0.3420877,1.512463,-0.2121556,0.1222037,1.549919,-0.1344763,-0.3364948,1.494358,-0.2465051,-0.1292204,1.551018,0.2221187,-0.06931117,1.438151,NA,NA,NotTracked,Unknown,
