ALX,ALY,ALZ,ARX,ARY,ARZ,EMG0L,EMG1L,EMG2L,EMG3L,EMG4L,EMG5L,EMG6L,EMG7L,EMG0R,EMG1R,EMG2R,EMG3R,EMG4R,EMG5R,EMG6R,EMG7R,GLX,GLY,GLZ,GRX,GRY,GRZ,ORL,OPL,OYL,ORR,OPR,OYR,LHNX,LHNY,LHNZ,RHNX,RHNY,RHNZ,HX,HY,HZ,LTX,LTY,LTZ,RTX,RTY,RTZ,SpineMidX,SpineMidY,SpineMidZ,SpineBaseX,SpineBaseY,SpineBaseZ,ShoulderLeftX,ShoulderLeftY,ShoulderLeftZ,ShoulderRightX,ShoulderRightY,ShoulderRightZ,ElbowLeftX,ElbowLeftY,ElbowLeftZ,ElbowRightX,ElbowRightY,ElbowRightZ,Myo_Pose_left,Myo_Pose_Right,Kinect_pose_left,Kinect_pose_right
0.90625,-0.4072266,-0.07128906,-0.3886719,0.8442383,0.1044922,-2,-1,-1,-1,0,-1,-4,-2,16,15,2,0,0,-1,-2,2,-0.125,-0.125,-0.125,39.875,39.875,39.875,2.225775,3.183577,5.344513,7.25958,5.847136,4.17309,-0.1609039,-0.4108669,1.478428,0.1344796,0.07337388,1.370693,0.06562546,0.4003709,1.564531,-0.2038245,-0.4134092,1.483583,0.1320259,0.05935096,1.32479,0.06270736,-0.06017137,1.599329,0.0600794,-0.3844365,1.585043,-0.1145659,0.131301,1.586816,-0.02319973,-0.3758285,1.544585,-0.1737686,-0.1170379,1.582781,0.316891,-0.05520846,1.518175,NA,NA,NotTracked,Unknown,
0.9145508,-0.418457,-0.07861328,-0.4428711,0.8325195,0.06152344,0,-1,-1,-1,0,-2,-2,0,31,4,-3,-2,0,-1,1,6,4.875,4.875,4.875,36.75,36.75,36.75,2.230437,3.185193,5.343128,7.314042,5.925764,4.236941,-0.1602835,-0.4104941,1.478097,0.126325,0.1040664,1.37918,0.06569479,0.400306,1.564651,-0.1770663,-0.4147951,1.440845,0.1279234,0.09793458,1.333451,0.0628798,-0.06031111,1.599561,0.06004398,-0.3847256,1.585141,-0.1145577,0.1313057,1.586869,-0.02353617,-0.3764915,1.545565,-0.1734678,-0.1168351,1.582881,0.3166072,-0.05180405,1.509285,NA,NA,NotTracked,Unknown,
0.8950195,-0.4033203,-0.08447266,-0.4541016,0.7138672,0.07617188,-1,-1,0,0,0,0,-1,-2,1,7,-4,-6,-2,-2,0,-1,6.5,6.5,6.5,41.1875,41.1875,41.1875,2.237468,3.186667,5.342817,7.43088,6.05213,4.363441,-0.160093,-0.4103198,1.479099,0.1263892,0.1253039,1.392896,0.06559125,0.4001819,1.565083,-0.1995309,-0.4143177,1.479371,0.1166733,0.1176279,1.340966,0.0621091,-0.06068565,1.600013,0.05994464,-0.3854242,1.585302,-0.1145262,0.1313612,1.587126,-0.02402456,-0.3775339,1.546615,-0.173232,-0.1163352,1.58336,0.3160634,-0.04716746,1.497081,NA,NA,NotTracked,Unknown,
0.8984375,-0.4130859,-0.08105469,-0.5175781,0.7348633,0.0703125,0,0,-1,-2,-1,0,-1,-2,48,2,0,6,2,1,0,7,5,5,5,31.5,31.5,31.5,2.240077,3.188636,5.345499,7.542789,6.142135,4.485299,-0.1600047,-0.4100793,1.480381,0.1306337,0.1328925,1.410295,0.06555212,0.4001601,1.56542,-0.2024799,-0.410384,1.489,0.1260632,0.1314359,1.353133,0.0613583,-0.06095591,1.600254,0.05993332,-0.3861614,1.585452,-0.1144472,0.1314394,1.587361,-0.0242467,-0.3784454,1.547386,-0.1730795,-0.1163191,1.583786,0.3133273,-0.0398811,1.479234,NA,NA,NotTracked,Unknown,
0.8862305,-0.4101563,-0.08447266,-0.5,0.5805664,0.004394531,-1,-2,0,-1,-2,-1,-2,-2,5,-9,-2,5,1,2,-1,0,8.75,8.75,8.75,20.8125,20.8125,20.8125,2.239859,3.189927,5.354807,7.630413,6.208313,4.586226,-0.1595089,-0.4102502,1.481072,0.1270968,0.1550506,1.415202,0.06541995,0.400126,1.565523,-0.2000743,-0.4129722,1.482338,0.1156802,0.1553395,1.357861,0.06096713,-0.06129345,1.599631,0.05999114,-0.3868691,1.58551,-0.1143459,0.1314179,1.587697,-0.02436696,-0.3791979,1.548033,-0.1728127,-0.1160326,1.584091,0.3131507,-0.03473958,1.469359,NA,NA,NotTracked,Unknown,
0.8984375,-0.4091797,-0.07226563,-0.6088867,0.6542969,-0.008300781,-1,-2,-1,-1,-1,0,-2,-1,-21,-3,-1,12,-1,-1,-2,-7,8.375,8.375,8.375,27.0625,27.0625,27.0625,2.238746,3.190169,5.366341,7.715619,6.256538,4.671282,-0.1602219,-0.4101961,1.481171,0.1296631,0.1647284,1.420262,0.06523207,0.4002669,1.565604,-0.2009109,-0.4115219,1.484875,0.1149544,0.1690248,1.364056,0.0604747,-0.06147447,1.599662,0.06011717,-0.387584,1.585621,-0.1142497,0.1313957,1.587865,-0.02437533,-0.3799428,1.548741,-0.1723462,-0.115749,1.584691,0.3106737,-0.02870296,1.457579,NA,NA,NotTracked,Unknown,
0.9116211,-0.4052734,-0.07519531,-0.6235352,0.659668,-0.03173828,-1,-1,-1,0,0,-3,1,-1,11,2,-1,-3,0,-1,-2,0,7,7,7,13.0625,13.0625,13.0625,2.236281,3.187974,5.378268,7.745031,6.272944,4.705043,-0.1605585,-0.4105487,1.483142,0.1289714,0.1757487,1.428605,0.06513952,0.4002706,1.565715,-0.1781912,-0.4102734,1.445438,0.1331154,0.1678468,1.376043,0.05983236,-0.0618041,1.599711,0.05999806,-0.3881553,1.585791,-0.1145825,0.1314682,1.59167,-0.02471404,-0.3805133,1.549435,-0.1721116,-0.1156347,1.585263,0.3116483,-0.02764744,1.455529,NA,NA,NotTracked,Unknown,
0.9155273,-0.425293,-0.06835938,-0.6591797,0.5849609,-0.09228516,-1,1,0,-3,-1,1,2,-1,30,6,12,1,2,1,1,5,2.625,2.625,2.625,15.875,15.875,15.875,2.23295,3.182799,5.386382,7.805042,6.311207,4.770231,-0.1602077,-0.4105737,1.484232,0.1176227,0.1976766,1.43416,0.06503373,0.400169,1.565772,-0.2018108,-0.4117885,1.490682,0.1207964,0.1834428,1.375612,0.05934263,-0.06225088,1.599723,0.06003812,-0.3890362,1.585904,-0.1142546,0.1313942,1.591647,-0.02483,-0.3813107,1.550043,-0.1719472,-0.115605,1.58612,0.3131666,-0.02395157,1.449573,NA,NA,NotTracked,Unknown,
0.8999023,-0.4370117,-0.06884766,-0.6743164,0.6640625,-0.09619141,-1,-1,0,0,0,-1,-2,-1,-21,-3,0,-4,-3,0,0,-5,1.125,1.125,1.125,4.625,4.625,4.625,2.231512,3.180491,5.388597,7.829551,6.32383,4.793403,-0.1598626,-0.4090046,1.488533,0.08610148,0.2866271,1.462238,0.06484542,0.3996814,1.565804,-0.2020028,-0.4137715,1.493685,0.01066275,0.3447305,1.452,0.05868051,-0.06296273,1.599766,0.0599051,-0.3900404,1.585962,-0.1136869,0.1313995,1.591745,-0.02519247,-0.3822171,1.550962,-0.1713621,-0.1150959,1.587621,0.3157696,-0.02005281,1.443639,NA,NA,NotTracked,Lasso,
0.8916016,-0.4296875,-0.06445313,-0.6899414,0.6206055,-0.1323242,-1,-1,0,-2,0,-1,-1,-1,9,4,-1,-12,-4,-2,0,2,0.1875,0.1875,0.1875,-1.4375,-1.4375,-1.4375,2.231204,3.175977,5.39028,7.835564,6.328504,4.802346,-0.1604543,-0.4097123,1.490465,0.07546643,0.2988069,1.465872,0.06477426,0.3992192,1.565761,-0.2019707,-0.4111588,1.494412,0.09213633,0.256638,1.393072,0.05836151,-0.06323647,1.599888,0.05983802,-0.3904534,1.586082,-0.114101,0.1313369,1.593741,-0.02532963,-0.3825995,1.55145,-0.1713468,-0.115111,1.588363,0.301757,-0.002839635,1.417132,NA,NA,NotTracked,Unknown,
0.887207,-0.4462891,-0.06201172,-0.7128906,0.625,-0.1616211,0,0,-1,-1,-2,-1,-3,-1,11,25,7,2,1,2,-1,1,-2.875,-2.875,-2.875,11.3125,11.3125,11.3125,2.229685,3.174215,5.390081,7.851795,6.336258,4.811392,-0.1601578,-0.4094231,1.490759,0.07861761,0.2939522,1.463944,0.06478664,0.3987531,1.56577,-0.176954,-0.4122851,1.450803,0.1008729,0.2256563,1.382043,0.05812182,-0.06354074,1.599948,0.05986052,-0.3907748,1.586057,-0.1138088,0.1313136,1.593545,-0.02535506,-0.3828366,1.55163,-0.1712538,-0.1150889,1.588942,0.3112748,-0.008537786,1.42686,NA,NA,NotTracked,Unknown,
0.8999023,-0.4624023,-0.06689453,-0.7099609,0.6806641,-0.1772461,-1,0,0,1,-2,-2,-3,-1,-10,3,2,-2,-1,0,-1,-2,-2,-2,-2,5.75,5.75,5.75,2.228631,3.17347,5.388746,7.855659,6.335456,4.811504,-0.1600497,-0.4094291,1.491636,0.0776374,0.2943665,1.464773,0.06469181,0.3982881,1.565824,-0.1896056,-0.4196123,1.461512,0.06884282,0.3222977,1.415903,0.05794944,-0.06372043,1.60001,0.05984146,-0.3909119,1.586069,-0.1141079,0.1314022,1.594887,-0.0254019,-0.3829184,1.551792,-0.1712371,-0.1150462,1.589603,0.3054702,-0.00407392,1.418949,NA,NA,NotTracked,Unknown,
0.8964844,-0.4477539,-0.06640625,-0.7055664,0.6508789,-0.1733398,-2,-3,-1,-2,0,-1,-1,0,11,-8,-4,0,-2,-2,-2,0,-5,-5,-5,12.4375,12.4375,12.4375,2.229452,3.175202,5.38316,7.860406,6.333589,4.798744,-0.1590074,-0.4090186,1.491249,0.07603547,0.3002279,1.465362,0.06459153,0.3980658,1.565792,-0.1934405,-0.418882,1.4727,0.1006006,0.2341065,1.385674,0.05797543,-0.0648736,1.59927,0.05983071,-0.3912156,1.586007,-0.1142559,0.1313731,1.595567,-0.02544823,-0.3831089,1.551888,-0.1713107,-0.1150765,1.589949,0.3110516,-0.008330637,1.425637,NA,NA,NotTracked,Unknown,
0.8989258,-0.453125,-0.06005859,-0.7368164,0.6762695,-0.184082,-1,-1,-1,-1,-1,-2,0,-1,26,15,5,3,1,-1,0,7,-5.5,-5.5,-5.5,14.625,14.625,14.625,2.230433,3.176909,5.378804,7.865014,6.332973,4.792961,-0.1588216,-0.4087171,1.490898,0.07744563,0.2997523,1.465716,0.0645606,0.3979147,1.565768,-0.185215,-0.4159206,1.458428,0.07751808,0.3503189,1.430926,0.05782862,-0.06548262,1.598883,0.05977664,-0.3913974,1.58603,-0.1143579,0.1314361,1.596098,-0.02553298,-0.3832476,1.552062,-0.1713543,-0.1149838,1.590247,0.3140376,-0.01077842,1.429705,NA,NA,NotTracked,Unknown,
0.8974609,-0.4448242,-0.06835938,-0.7158203,0.6791992,-0.1738281,-1,-1,-1,-2,-2,-1,0,-2,9,11,3,1,-1,0,-1,-1,-3.5,-3.5,-3.5,14.4375,14.4375,14.4375,2.234307,3.181565,5.370261,7.867628,6.328876,4.772882,-0.1595455,-0.4088627,1.488682,0.07688064,0.3004221,1.465172,0.06460459,0.3978153,1.565724,-0.1765371,-0.4155868,1.447059,0.106641,0.2234797,1.380182,0.0579168,-0.06610686,1.598468,0.05977752,-0.3916006,1.586042,-0.1144086,0.1314714,1.596361,-0.02556994,-0.3834001,1.552164,-0.1713616,-0.1148629,1.590328,0.3159297,-0.01155896,1.431409,NA,NA,NotTracked,Unknown,
0.8979492,-0.4233398,-0.06982422,-0.7270508,0.6743164,-0.1865234,-1,-1,-2,-1,-1,-1,-1,-2,-15,4,2,1,-1,0,0,-2,-3.8125,-3.8125,-3.8125,16.125,16.125,16.125,2.237531,3.187368,5.362139,7.864462,6.3278,4.745966,-0.1592929,-0.409165,1.48769,0.07515521,0.3035553,1.465075,0.06458263,0.3976851,1.565679,-0.1836028,-0.4159294,1.455371,0.05455631,0.3552603,1.426129,0.05778255,-0.06612509,1.59858,0.05976329,-0.3916984,1.586057,-0.1145389,0.1315894,1.596761,-0.02560387,-0.3834717,1.552281,-0.1713619,-0.1149469,1.590346,0.3078947,-0.004267692,1.419308,NA,NA,NotTracked,Unknown,
0.9033203,-0.4262695,-0.07177734,-0.7470703,0.6547852,-0.1655273,-1,0,0,0,-1,-1,-3,0,20,-13,-6,-3,-2,-2,-3,-1,-4.375,-4.375,-4.375,29.25,29.25,29.25,2.238463,3.190539,5.35839,7.874273,6.337174,4.71681,-0.1593204,-0.4085033,1.485738,0.07454069,0.3056307,1.465197,0.06452666,0.3976657,1.565667,-0.2023629,-0.4128298,1.4925,0.05437563,0.3573899,1.426952,0.05762267,-0.066123,1.598729,0.05969438,-0.3917768,1.58607,-0.114649,0.1315761,1.597013,-0.02569143,-0.3835239,1.552363,-0.1714438,-0.1149658,1.590276,0.307449,-0.00321718,1.418041,NA,NA,NotTracked,Unknown,
0.9047852,-0.4003906,-0.07519531,-0.7890625,0.6245117,-0.1293945,-1,-2,0,-2,-1,-1,-1,0,16,24,15,3,2,0,0,2,-1.8125,-1.8125,-1.8125,27.1875,27.1875,27.1875,2.243627,3.19941,5.348815,7.880464,6.35429,4.68567,-0.1604248,-0.4086506,1.483375,0.07325859,0.3126639,1.466906,0.06445901,0.3975538,1.565675,-0.2065283,-0.4138569,1.492125,0.04833601,0.3672751,1.428077,0.05749571,-0.0661115,1.598871,0.05965636,-0.3918794,1.586101,-0.1138557,0.1315237,1.595057,-0.02576147,-0.3835968,1.552464,-0.1716337,-0.1150132,1.589995,0.3078532,-0.002972157,1.417878,NA,NA,NotTracked,Unknown,
0.9106445,-0.3999023,-0.06933594,-0.8173828,0.6225586,-0.1396484,-1,-2,-1,-2,-1,-1,-1,-1,-33,4,0,-1,-2,-1,-4,-6,-6,-6,-6,23.875,23.875,23.875,2.244645,3.202886,5.341435,7.891144,6.377565,4.663908,-0.1600929,-0.407824,1.479029,0.09167251,0.2865238,1.455508,0.06422991,0.3973105,1.565795,-0.1877638,-0.4137103,1.446417,0.05817381,0.3492523,1.426353,0.05738144,-0.06606334,1.599024,0.05958665,-0.391954,1.586073,-0.1132628,0.1314326,1.592428,-0.02587575,-0.3836173,1.552503,-0.1724287,-0.1145076,1.588565,0.3105615,-0.001154098,1.416912,NA,NA,NotTracked,Unknown,
0.9213867,-0.4067383,-0.06005859,-0.8330078,0.5947266,-0.1630859,0,-1,0,-2,-2,0,-1,-2,53,6,8,2,3,2,4,10,-5.5,-5.5,-5.5,24.375,24.375,24.375,2.244456,3.20389,5.338207,7.913662,6.407042,4.659811,-0.161845,-0.4086505,1.478186,0.0804579,0.3132732,1.466711,0.06401537,0.3971566,1.565992,-0.175735,-0.4172646,1.435828,0.06937619,0.3452211,1.414572,0.05727325,-0.0660018,1.599195,0.05949113,-0.3919919,1.58605,-0.1128883,0.131468,1.591651,-0.02601687,-0.383617,1.552506,-0.1725681,-0.1142827,1.58808,0.3297885,-0.01111652,1.438934,NA,NA,NotTracked,Unknown,
0.9072266,-0.3969727,-0.07421875,-0.8164063,0.5927734,-0.1757813,0,-1,-3,-1,-1,-2,-1,0,10,9,12,12,2,1,1,3,-2.6875,-2.6875,-2.6875,23.6875,23.6875,23.6875,2.245188,3.204018,5.331118,7.948074,6.436411,4.667981,-0.1613779,-0.4081727,1.476331,0.09310256,0.3011911,1.45916,0.06383388,0.3970179,1.566261,-0.1769401,-0.4049436,1.436854,0.1016506,0.3377119,1.439667,0.05721807,-0.06589283,1.59932,0.05939702,-0.3919642,1.586021,-0.1124051,0.1314497,1.590998,-0.02622854,-0.3834922,1.552465,-0.1726412,-0.1139342,1.587642,0.325853,-0.002698192,1.426853,NA,NA,NotTracked,Unknown,
0.9023438,-0.4150391,-0.06835938,-0.8222656,0.5454102,-0.203125,0,0,0,-3,-1,-2,-2,-2,6,-2,2,3,1,0,0,1,-2.375,-2.375,-2.375,23.4375,23.4375,23.4375,2.245293,3.204271,5.326423,8.011673,6.472015,4.699647,-0.1612462,-0.4077186,1.475013,0.1411598,0.2545933,1.453922,0.06348313,0.3965333,1.566666,-0.1776084,-0.4093966,1.435439,0.1529395,0.2381906,1.387409,0.0576646,-0.0656288,1.599526,0.05923223,-0.3918641,1.585985,-0.1117981,0.1314473,1.58961,-0.02650657,-0.3832392,1.552307,-0.1731964,-0.1121565,1.586517,0.3268953,-0.001020969,1.424594,NA,NA,NotTracked,Unknown,
0.8955078,-0.4067383,-0.07763672,-0.8105469,0.519043,-0.2207031,-2,1,-1,0,-1,0,-1,-2,-11,-3,-2,-2,-3,-1,-2,-4,-0.25,-0.25,-0.25,22.0625,22.0625,22.0625,2.243574,3.203532,5.326848,8.080278,6.501991,4.736351,-0.1623843,-0.4076338,1.474199,0.100423,0.3207621,1.462068,0.06334057,0.3963772,1.56691,-0.2046477,-0.4083154,1.479778,0.08793183,0.3936406,1.431909,0.05763884,-0.06540023,1.599702,0.05912182,-0.3917405,1.585899,-0.1116451,0.1314881,1.589077,-0.02668363,-0.3830158,1.552125,-0.1733679,-0.1115574,1.585927,0.3284494,-0.0001734024,1.423818,NA,NA,NotTracked,Unknown,
0.8945313,-0.4125977,-0.07275391,-0.8129883,0.5073242,-0.2036133,0,-1,-2,-2,-2,0,-2,-1,-20,-20,-5,-1,0,0,2,1,-1.3125,-1.3125,-1.3125,18.1875,18.1875,18.1875,2.241142,3.203074,5.32883,8.0999,6.510002,4.747965,-0.1627464,-0.4081354,1.475112,0.1522208,0.2542949,1.457959,0.06318419,0.3961158,1.567261,-0.2059186,-0.4140007,1.481,0.1583528,0.2480961,1.394555,0.05896936,-0.06474955,1.599854,0.05882519,-0.3914321,1.585838,-0.1112069,0.1316351,1.588181,-0.02721827,-0.3823244,1.551755,-0.1733217,-0.1096493,1.584999,0.3363349,0.0014255,1.426406,NA,NA,NotTracked,Unknown,
0.8964844,-0.4233398,-0.06005859,-0.809082,0.4804688,-0.222168,-1,0,0,-2,-1,-1,-1,-1,0,-4,-2,0,-1,-3,1,0,-0.6875,-0.6875,-0.6875,15,15,15,2.23649,3.201953,5.332851,8.135045,6.522227,4.769184,-0.163835,-0.4086655,1.474821,0.1541424,0.2540649,1.457988,0.06313243,0.3959554,1.567605,-0.1781321,-0.4066159,1.4362,0.1594699,0.2460348,1.39438,0.05960275,-0.06441095,1.59993,0.05847053,-0.3911564,1.585739,-0.1111626,0.131646,1.588033,-0.02773775,-0.3817774,1.551437,-0.1735659,-0.1091092,1.584773,0.3391483,0.002339768,1.426953,NA,NA,NotTracked,Unknown,
0.9101563,-0.4233398,-0.06591797,-0.8051758,0.496582,-0.2075195,-1,-1,-1,-2,-1,-1,0,-1,-2,18,10,3,0,-2,0,1,1.8125,1.8125,1.8125,12,12,12,2.235104,3.201371,5.336343,8.162882,6.53094,4.784811,-0.1638286,-0.408423,1.47452,0.156779,0.2529791,1.457251,0.06314167,0.3958533,1.567766,-0.2059953,-0.443709,1.480429,0.1625344,0.248507,1.396167,0.05997623,-0.06413357,1.600006,0.05822947,-0.3909493,1.585698,-0.1111035,0.1316047,1.587781,-0.02804563,-0.3814963,1.551324,-0.1736134,-0.1080948,1.584366,0.3419146,0.002914149,1.427992,NA,NA,NotTracked,Unknown,
0.9140625,-0.4169922,-0.0625,-0.8056641,0.4765625,-0.2011719,-1,-2,-2,-1,0,0,-1,-1,22,4,1,7,2,2,2,4,1.3125,1.3125,1.3125,1.5,1.5,1.5,2.237009,3.200655,5.336574,8.174922,6.536417,4.795286,-0.1633382,-0.4078793,1.47504,0.1563866,0.2543371,1.458164,0.06313253,0.3956769,1.567897,-0.1775448,-0.4062644,1.435495,0.1637267,0.2509545,1.397266,0.06052717,-0.06388201,1.600065,0.0580491,-0.3908002,1.585643,-0.1110613,0.1316763,1.587724,-0.02825552,-0.3812463,1.551196,-0.1736994,-0.1078983,1.584086,0.343895,0.003875706,1.427485,NA,NA,NotTracked,Unknown,
0.9038086,-0.4277344,-0.06640625,-0.809082,0.4790039,-0.2182617,0,-3,-1,-2,-1,0,-1,-1,-3,-6,-4,-3,-4,-1,-1,-2,2,2,2,0.6875,0.6875,0.6875,2.237956,3.200396,5.336485,8.183229,6.541117,4.804458,-0.1633666,-0.4079183,1.475054,0.1572812,0.2544752,1.458548,0.06314763,0.3954812,1.567987,-0.1775008,-0.406383,1.435358,0.162954,0.2504399,1.396276,0.06086294,-0.06379602,1.600057,0.05783705,-0.3906769,1.585497,-0.1109786,0.1315882,1.587497,-0.02856259,-0.381011,1.550898,-0.1736951,-0.1076862,1.583937,0.3450618,0.004662979,1.426814,NA,NA,NotTracked,Unknown,
0.8930664,-0.4165039,-0.06591797,-0.8198242,0.4936523,-0.2192383,0,-1,-1,0,-2,-1,1,-2,5,5,1,2,0,-1,-1,1,4.4375,4.4375,4.4375,-1.875,-1.875,-1.875,2.242708,3.2006,5.336466,8.185806,6.542643,4.808672,-0.1634587,-0.4082927,1.47525,0.1575296,0.2548539,1.45835,0.06326525,0.3952114,1.568088,-0.1775521,-0.4071396,1.435184,0.1632207,0.2507551,1.397166,0.06115846,-0.06369469,1.600112,0.05773302,-0.3906022,1.585434,-0.1108139,0.1316452,1.587369,-0.02868034,-0.380894,1.550756,-0.1736694,-0.1075908,1.583892,0.3460207,0.005077315,1.42653,NA,NA,NotTracked,Unknown,
0.8974609,-0.4272461,-0.07666016,-0.8129883,0.503418,-0.2426758,0,-1,-3,-1,0,-3,-3,-2,-3,7,3,-1,-3,-1,-4,-2,2.1875,2.1875,2.1875,-1.9375,-1.9375,-1.9375,2.243098,3.199351,5.340702,8.189342,6.545117,4.815682,-0.1637227,-0.4089197,1.47615,0.1571285,0.2555695,1.458707,0.06335238,0.3950766,1.568158,-0.1777443,-0.406443,1.435896,0.1622099,0.2498221,1.396258,0.06143868,-0.06360602,1.600124,0.05761685,-0.3905543,1.585376,-0.1107317,0.1316358,1.587278,-0.02881021,-0.3807898,1.550662,-0.1736513,-0.1075001,1.583851,0.3466401,0.005893695,1.425921,NA,NA,NotTracked,Unknown,
0.8994141,-0.4233398,-0.07568359,-0.8129883,0.5083008,-0.2431641,-2,-2,-2,0,0,-1,-1,-1,-5,-11,-6,-3,-2,-2,-1,-2,1.75,1.75,1.75,-4.4375,-4.4375,-4.4375,2.243134,3.198919,5.341904,8.188927,6.546871,4.819387,-0.1630991,-0.4081075,1.476209,0.1573265,0.2548793,1.459427,0.06340753,0.3949369,1.568193,-0.2034082,-0.416876,1.47752,0.1626745,0.2494246,1.396987,0.06166833,-0.06347866,1.600133,0.05742103,-0.3904013,1.585298,-0.110552,0.1316987,1.587163,-0.02902387,-0.3805641,1.550589,-0.1736356,-0.1074739,1.583854,0.3471714,0.005853493,1.425946,NA,NA,NotTracked,Unknown,
0.8974609,-0.4316406,-0.07373047,-0.8076172,0.5039063,-0.246582,-1,-1,-2,-2,0,-1,-2,-2,-9,0,2,6,2,-4,-1,1,0.125,0.125,0.125,-2.5625,-2.5625,-2.5625,2.241691,3.197815,5.343789,8.187055,6.548336,4.820997,-0.1623778,-0.4077685,1.476032,0.1549573,0.2576907,1.45816,0.06343543,0.3948983,1.568182,-0.1792392,-0.4062656,1.437752,0.198196,0.2098854,1.3695,0.06180037,-0.06340345,1.600128,0.05722651,-0.3902613,1.585195,-0.1103724,0.1318249,1.586963,-0.02924144,-0.3803659,1.550397,-0.1735851,-0.1074401,1.583821,0.3475906,0.007185721,1.424859,NA,NA,NotTracked,Unknown,
0.8969727,-0.4326172,-0.07275391,-0.7929688,0.5058594,-0.246582,-1,-1,-2,-1,0,-2,-2,0,35,-1,-1,1,1,-1,0,4,0.5,0.5,0.5,-3.1875,-3.1875,-3.1875,2.240576,3.197364,5.345356,8.181218,6.54817,4.817083,-0.1625701,-0.4084371,1.477555,0.1556383,0.2571258,1.458998,0.06347481,0.3948425,1.568284,-0.2034061,-0.402478,1.482519,0.1632777,0.2530171,1.397381,0.06215053,-0.06321326,1.600139,0.05711589,-0.3901567,1.585143,-0.110306,0.1319137,1.586941,-0.02936063,-0.3802149,1.550352,-0.1735252,-0.107343,1.583877,0.3478671,0.00717899,1.424792,NA,NA,NotTracked,Unknown,
0.8969727,-0.4326172,-0.07275391,-0.7929688,0.5058594,-0.246582,-1,-1,-2,-1,0,-2,-2,0,35,-1,-1,1,1,-1,0,4,0.5,0.5,0.5,-3.1875,-3.1875,-3.1875,2.240576,3.197364,5.345356,8.181218,6.54817,4.817083,-0.1627343,-0.4079175,1.477023,0.1549166,0.2577928,1.459019,0.06353905,0.3947129,1.568286,-0.1762535,-0.4076358,1.437606,0.1633511,0.2530243,1.397213,0.06222629,-0.06320784,1.600117,0.05697374,-0.3901056,1.58507,-0.1101351,0.1320157,1.586849,-0.02950678,-0.3801286,1.550217,-0.1735241,-0.1070719,1.583882,0.3482086,0.007354192,1.424666,NA,NA,NotTracked,Unknown,
0.8950195,-0.4311523,-0.07568359,-0.7783203,0.5068359,-0.2246094,-1,0,-3,-2,-1,0,0,0,-34,15,4,0,1,-1,-2,-5,0.25,0.25,0.25,-2.0625,-2.0625,-2.0625,2.238096,3.196872,5.348318,8.168607,6.545849,4.80448,-0.1628882,-0.4086562,1.478583,0.1555858,0.2576327,1.460237,0.06367004,0.3945995,1.568377,-0.2050702,-0.418905,1.483,0.1635355,0.2526394,1.39753,0.06232679,-0.06314799,1.600174,0.05688671,-0.3900595,1.585036,-0.1100863,0.1320726,1.586873,-0.02959708,-0.3800423,1.550136,-0.1735487,-0.1068433,1.583954,0.3484232,0.007539608,1.424517,NA,NA,NotTracked,Unknown,
0.894043,-0.4326172,-0.0703125,-0.7592773,0.5195313,-0.1889648,0,-2,-1,0,-1,-1,0,-1,-21,3,1,-2,-1,-2,-3,-3,-0.125,-0.125,-0.125,-5.375,-5.375,-5.375,2.238127,3.197148,5.348512,8.154167,6.542982,4.79168,-0.1626118,-0.4082481,1.478386,0.1546908,0.258277,1.460689,0.06377812,0.3945069,1.568426,-0.1765592,-0.4110543,1.436976,0.163912,0.2511585,1.397265,0.06244703,-0.06311151,1.600218,0.05675149,-0.3900173,1.585028,-0.1099774,0.1321092,1.586902,-0.02970695,-0.3799669,1.550119,-0.1734534,-0.1067659,1.584066,0.3486478,0.007640623,1.424552,NA,NA,NotTracked,Unknown,
0.8901367,-0.4360352,-0.06640625,-0.6821289,0.4941406,-0.1489258,-1,-2,-1,-2,0,-1,-2,-2,3,-4,-3,1,1,1,-1,0,-1,-1,-1,-12.4375,-12.4375,-12.4375,2.238105,3.197344,5.348383,8.111717,6.534274,4.756426,-0.1627618,-0.4087574,1.477874,0.1546253,0.2574566,1.459157,0.06388381,0.3943562,1.568511,-0.2047895,-0.4120151,1.484895,0.163783,0.250497,1.396292,0.06265696,-0.06310315,1.600221,0.05671434,-0.3899914,1.585005,-0.1098368,0.1320246,1.58682,-0.02975556,-0.3799257,1.550068,-0.1734052,-0.1068011,1.584148,0.3487035,0.007504809,1.424735,NA,NA,NotTracked,Unknown,
0.890625,-0.4223633,-0.06542969,-0.6210938,0.4858398,-0.1430664,-2,0,0,-1,1,-1,-1,-1,9,6,4,0,4,1,1,3,1.1875,1.1875,1.1875,-30.875,-30.875,-30.875,2.238856,3.197564,5.348441,8.027793,6.507533,4.688019,-0.1625365,-0.4080066,1.477935,0.1536307,0.2578107,1.459239,0.06398387,0.3943341,1.568571,-0.2042275,-0.4102811,1.483172,0.1648537,0.2471482,1.394863,0.06282238,-0.06305082,1.600269,0.05670507,-0.3899685,1.585002,-0.1095471,0.1319704,1.58672,-0.02975869,-0.3798967,1.55005,-0.1733471,-0.1066906,1.584188,0.3484486,0.007841432,1.424286,NA,NA,NotTracked,Unknown,
0.8989258,-0.4272461,-0.06152344,-0.612793,0.5053711,-0.1108398,-1,-2,-2,0,-1,-2,-3,-1,12,9,0,-4,-1,0,2,8,1.9375,1.9375,1.9375,-27.375,-27.375,-27.375,2.240333,3.198198,5.348427,7.912913,6.454421,4.586261,-0.1626231,-0.4085649,1.478948,0.157265,0.2506761,1.45651,0.06405068,0.3943476,1.568619,-0.1753172,-0.4114991,1.43869,0.1650837,0.241063,1.393829,0.06287333,-0.06299911,1.60031,0.05667957,-0.3899629,1.585009,-0.1094876,0.1319324,1.586713,-0.02977536,-0.3798872,1.550055,-0.1733322,-0.1065446,1.584372,0.3495405,0.003091253,1.42962,NA,NA,NotTracked,Unknown,
0.9067383,-0.4204102,-0.06982422,-0.574707,0.6054688,-0.06054688,0,-1,-2,0,0,-1,-1,-3,6,-2,-1,1,0,-1,0,2,6.6875,6.6875,6.6875,-42.8125,-42.8125,-42.8125,2.248561,3.198692,5.346682,7.76969,6.36564,4.457843,-0.1625237,-0.4083677,1.477034,0.1590565,0.2430757,1.447669,0.0640174,0.3942946,1.56854,-0.205924,-0.4281329,1.486917,0.167609,0.2357137,1.382786,0.06291398,-0.06299929,1.600289,0.05667427,-0.3899709,1.584982,-0.1094228,0.1318299,1.586586,-0.02977232,-0.3799111,1.550021,-0.1732743,-0.1066,1.584355,0.3501438,-0.01199781,1.446401,NA,NA,NotTracked,Unknown,
0.9052734,-0.4082031,-0.06494141,-0.609375,0.6376953,0.0009765625,-2,-1,-1,0,-3,-2,-1,-2,-5,-4,-1,0,-1,-2,-2,-2,7,7,7,-48.8125,-48.8125,-48.8125,2.25662,3.198279,5.345594,7.61727,6.250436,4.324502,-0.1615306,-0.4082128,1.476288,0.1631808,0.2267928,1.437877,0.06383137,0.3944249,1.56842,-0.2041046,-0.4226058,1.485905,0.1632794,0.2251242,1.3805,0.0629283,-0.0629082,1.600227,0.05670556,-0.3899222,1.584967,-0.109419,0.1318275,1.586585,-0.02974063,-0.3799005,1.550023,-0.1732463,-0.1066246,1.584344,0.3494009,-0.01709106,1.453871,NA,NA,NotTracked,Unknown,
0.9057617,-0.409668,-0.07275391,-0.5913086,0.6621094,0.02197266,-2,2,-1,1,-2,0,0,0,14,3,-1,0,-1,-1,-2,3,8.0625,8.0625,8.0625,-52.5,-52.5,-52.5,2.261221,3.197843,5.34547,7.541424,6.182102,4.257492,-0.1615189,-0.4084396,1.477039,0.1621152,0.2128178,1.428718,0.06303114,0.3951592,1.568252,-0.2027387,-0.4023359,1.4872,0.1598941,0.2117567,1.372491,0.0629719,-0.0626151,1.600024,0.05669605,-0.3898656,1.584974,-0.1094703,0.1318548,1.586617,-0.02973389,-0.3798892,1.550053,-0.1732102,-0.1067026,1.584368,0.3485778,-0.02145864,1.460333,NA,NA,NotTracked,Unknown,
0.9042969,-0.4101563,-0.07617188,-0.5742188,0.7001953,0.1206055,0,-1,-2,-1,-2,1,-1,-1,33,2,0,0,0,-1,0,3,7.75,7.75,7.75,-51.6875,-51.6875,-51.6875,2.266886,3.195838,5.34835,7.39493,6.025656,4.120035,-0.1604967,-0.4083605,1.477371,0.1647791,0.1877782,1.421623,0.06195002,0.3957213,1.568251,-0.2033197,-0.4134584,1.485729,0.1795582,0.1666102,1.366693,0.0629178,-0.06257577,1.600024,0.0567214,-0.3898538,1.584969,-0.1098689,0.1317379,1.586694,-0.02965778,-0.3799371,1.550043,-0.1731301,-0.1070526,1.584415,0.3475753,-0.03091999,1.475509,NA,NA,NotTracked,Unknown,
0.9086914,-0.4160156,-0.07470703,-0.5644531,0.8574219,0.1235352,-1,-2,-1,-1,1,0,-1,-2,-11,-5,-3,-3,-2,-2,-2,-3,8.1875,8.1875,8.1875,-63.875,-63.875,-63.875,2.268602,3.193414,5.355755,7.256034,5.841707,3.991218,-0.1608513,-0.4084767,1.478309,0.1608085,0.1814955,1.397569,0.06117662,0.3962425,1.568249,-0.1775791,-0.4106731,1.440837,0.1730161,0.1765966,1.355364,0.06284884,-0.06256879,1.600078,0.0567439,-0.3898542,1.584957,-0.1103534,0.131683,1.58687,-0.02956402,-0.380013,1.550012,-0.1729646,-0.1077516,1.584593,0.3459381,-0.03895606,1.48959,NA,NA,NotTracked,Unknown,
0.9262695,-0.4243164,-0.08007813,-0.5395508,0.8378906,0.1679688,-1,-1,-1,-2,-3,0,-2,0,6,14,6,1,1,2,1,0,11.25,11.25,11.25,-62.875,-62.875,-62.875,2.266478,3.191941,5.370448,7.137128,5.63825,3.884081,-0.1609461,-0.4087201,1.478864,0.164608,0.1445828,1.386941,0.06063995,0.3965224,1.568034,-0.1775236,-0.4106036,1.440622,0.1833442,0.1464355,1.361875,0.0627293,-0.06259486,1.600169,0.05676226,-0.38988,1.584964,-0.1108555,0.1315965,1.586929,-0.02942727,-0.3801912,1.550025,-0.1728356,-0.1094167,1.584829,0.3440402,-0.04482546,1.50173,NA,NA,NotTracked,Unknown,
0.9262695,-0.4243164,-0.08007813,-0.5395508,0.8378906,0.1679688,-1,-1,-1,-2,-3,0,-2,0,6,14,6,1,1,2,1,0,11.25,11.25,11.25,-62.875,-62.875,-62.875,2.266478,3.191941,5.370448,7.137128,5.63825,3.884081,-0.1616418,-0.4086336,1.478896,0.1731212,0.086604,1.412371,0.0604315,0.3967831,1.567842,-0.2038886,-0.4130808,1.491539,0.1956893,0.06486391,1.359029,0.06272483,-0.06258863,1.600172,0.05682702,-0.3897812,1.584946,-0.1113179,0.1314723,1.586982,-0.02923321,-0.3801583,1.5499,-0.1727313,-0.1105151,1.584985,0.3418968,-0.04895329,1.520022,NA,NA,NotTracked,Unknown,
0.9101563,-0.4121094,-0.08349609,-0.3569336,0.8349609,0.2036133,0,-1,0,-1,-1,-1,0,-2,-13,-4,-2,-3,-3,-3,-1,-2,10,10,10,-30.3125,-30.3125,-30.3125,2.262294,3.19016,5.388092,7.060552,5.421689,3.786089,-0.1623122,-0.4084179,1.480247,0.1753641,0.05785333,1.400652,0.06044625,0.3970278,1.567729,-0.2043491,-0.4020022,1.490154,0.1992512,0.03463732,1.3546,0.06270558,-0.0625378,1.600169,0.0570903,-0.3894032,1.584946,-0.1116298,0.1314004,1.58702,-0.0287377,-0.3799735,1.549712,-0.1725464,-0.1111311,1.585203,0.3390445,-0.04888988,1.526675,NA,NA,NotTracked,Unknown,
0.9018555,-0.4165039,-0.08154297,-0.2871094,0.909668,0.2338867,-1,-3,-1,-1,-2,-3,-1,-1,4,8,3,0,0,1,0,0,6.5625,6.5625,6.5625,-16.5625,-16.5625,-16.5625,2.257574,3.18871,5.397129,7.042641,5.31151,3.746432,-0.1627449,-0.4087867,1.48203,0.1815843,0.02497191,1.395036,0.06067824,0.3974617,1.567356,-0.20448,-0.4088952,1.493003,0.1976902,0.00941473,1.329733,0.06272156,-0.06232875,1.600173,0.05741207,-0.3886674,1.584983,-0.1117217,0.1313807,1.586997,-0.02812554,-0.3794455,1.549488,-0.1726029,-0.1117867,1.585657,0.3355295,-0.04943463,1.533061,NA,NA,NotTracked,Unknown,
0.8886719,-0.4155273,-0.08007813,-0.25,0.9155273,0.2285156,-1,-1,0,-1,0,0,-2,-2,2,-4,-3,-1,-2,0,0,-1,1.125,1.125,1.125,-22.5625,-22.5625,-22.5625,2.242059,3.18497,5.41668,7.013084,5.083633,3.678547,-0.1632799,-0.4083887,1.484039,0.187351,-0.009059108,1.374493,0.06094548,0.3978094,1.567046,-0.204399,-0.4103946,1.490814,0.2094999,-0.01176695,1.3284,0.06277201,-0.06204291,1.600172,0.05775508,-0.3875828,1.585006,-0.111781,0.1314057,1.587014,-0.02739022,-0.3784994,1.549173,-0.1726784,-0.112134,1.586262,0.3340895,-0.04902078,1.542846,NA,NA,NotTracked,Closed,
0.8769531,-0.421875,-0.07910156,0.007324219,0.9282227,0.2963867,-2,0,-3,-1,-2,-1,0,0,-22,-10,-6,-3,0,-2,0,-5,-1,-1,-1,-6.6875,-6.6875,-6.6875,2.232425,3.182962,5.426761,7.00177,4.851012,3.620689,-0.1640548,-0.4083314,1.485882,0.1947999,-0.047394,1.361805,0.06113159,0.3981873,1.566829,-0.1806193,-0.4122164,1.445783,0.2148557,-0.05529317,1.32525,0.06279742,-0.0618227,1.600217,0.05791589,-0.386966,1.585174,-0.1118151,0.1314493,1.587029,-0.02697152,-0.3778937,1.549065,-0.1727572,-0.112538,1.586779,0.3353921,-0.0512876,1.561715,NA,NA,NotTracked,Closed,
0.8833008,-0.4301758,-0.05810547,0.1376953,0.9941406,0.2915039,0,-1,-1,0,-1,-2,0,-1,-2,-1,2,0,-2,-1,-2,-2,-1.4375,-1.4375,-1.4375,-8.125,-8.125,-8.125,2.216466,3.179746,5.44278,7.002092,4.628886,3.575579,-0.1658443,-0.4088062,1.485954,0.1998153,-0.08943346,1.363255,0.06135955,0.3985162,1.566533,-0.2075043,-0.4054706,1.49176,0.2264184,-0.08841977,1.332571,0.06277347,-0.0615372,1.60017,0.05807995,-0.3864356,1.585251,-0.1118427,0.1314738,1.587014,-0.0265694,-0.3773173,1.548781,-0.1727563,-0.1127064,1.587005,0.3749542,-0.06082268,1.572656,NA,NA,NotTracked,Unknown,
0.9111328,-0.4360352,-0.05175781,0.3105469,0.9453125,0.3354492,-1,-2,-1,-1,-2,-1,0,1,-5,-6,-5,-2,-2,-1,0,0,-2.125,-2.125,-2.125,-3.6875,-3.6875,-3.6875,2.205544,3.177267,5.453888,7.008609,4.418147,3.536643,-0.1672057,-0.4087482,1.486818,0.2011839,-0.129547,1.382931,0.06197922,0.3988692,1.565979,-0.209945,-0.3974889,1.500133,0.2366466,-0.1422657,1.347667,0.0627252,-0.06136322,1.600101,0.05816035,-0.38614,1.585291,-0.1118343,0.1315092,1.586961,-0.0263316,-0.3769482,1.548453,-0.1727844,-0.1133766,1.587218,0.3742962,-0.06017951,1.577439,NA,NA,NotTracked,Unknown,
0.9130859,-0.4384766,-0.04345703,0.4018555,0.9658203,0.3359375,-1,-1,-1,-2,-1,-2,0,-3,-30,-5,-1,-1,-1,-1,-1,1,-0.5,-0.5,-0.5,-0.0625,-0.0625,-0.0625,2.202579,3.176987,5.455064,7.016465,4.319544,3.515908,-0.1664933,-0.4082977,1.487242,0.1943809,-0.1646752,1.401696,0.06260985,0.3990611,1.565528,-0.2075782,-0.4035231,1.491534,0.2377459,-0.1630967,1.338231,0.06270715,-0.0612177,1.600008,0.05823978,-0.3858426,1.585248,-0.1118684,0.1315602,1.586944,-0.0261062,-0.3765522,1.548078,-0.1727519,-0.1134646,1.587297,0.3756857,-0.05202098,1.601638,NA,NA,NotTracked,Closed,
0.9106445,-0.4155273,-0.06396484,0.5029297,1.012207,0.2675781,-1,-1,0,0,0,-2,-1,-2,-11,4,2,0,-1,0,-1,-4,2.4375,2.4375,2.4375,-11.75,-11.75,-11.75,2.211617,3.179216,5.44842,7.021201,4.133382,3.487611,-0.166497,-0.4085067,1.486036,0.1900342,-0.2071771,1.414858,0.06317548,0.3993076,1.564924,-0.2094978,-0.4120114,1.491257,0.2568662,-0.1758343,1.416,0.06269745,-0.06101047,1.599783,0.05820801,-0.3856017,1.585068,-0.1118511,0.1315864,1.586896,-0.02603454,-0.3762584,1.547618,-0.1727842,-0.113573,1.587376,0.3234955,-0.05874313,1.609638,NA,NA,NotTracked,Closed,
0.8994141,-0.4130859,-0.06787109,0.6484375,0.8413086,0.2670898,-2,-2,-1,-1,-2,-1,-1,0,-11,-4,-2,-1,-2,0,-1,-1,2.375,2.375,2.375,-15.1875,-15.1875,-15.1875,2.215857,3.180547,5.445138,7.019202,3.964302,3.462663,-0.1663847,-0.4092314,1.485446,0.1986559,-0.2450211,1.419668,0.06355057,0.3994732,1.564485,-0.2099062,-0.4101287,1.492937,0.2409653,-0.2128968,1.363572,0.06268927,-0.06088003,1.599626,0.05819913,-0.3854433,1.58496,-0.111878,0.1316496,1.586839,-0.02595727,-0.3760882,1.547245,-0.1726668,-0.1138237,1.587487,0.3235269,-0.05889988,1.609883,NA,NA,NotTracked,Closed,
0.8989258,-0.4121094,-0.06787109,0.6811523,0.777832,0.2138672,-1,-1,0,-1,-1,-2,1,0,5,-7,-2,0,1,0,0,3,2.1875,2.1875,2.1875,17.125,17.125,17.125,2.22096,3.182037,5.441122,7.051366,3.820407,3.428392,-0.1658487,-0.4098985,1.484422,0.2011518,-0.2703834,1.431708,0.06388138,0.3996409,1.564182,-0.2105822,-0.4015777,1.501737,0.2478447,-0.2381624,1.373467,0.06269531,-0.06081393,1.59954,0.0581982,-0.3853704,1.584968,-0.1118881,0.1316406,1.586802,-0.02592135,-0.3760042,1.54712,-0.172638,-0.1138921,1.587544,0.3222262,-0.06098632,1.610463,NA,NA,NotTracked,Closed,
0.902832,-0.387207,-0.08349609,0.7661133,0.8500977,0.1914063,1,-1,-1,-3,-1,-2,-2,-2,-4,-2,2,2,0,1,-2,-1,3.5,3.5,3.5,16.8125,16.8125,16.8125,2.236233,3.184716,5.430623,7.103984,3.70062,3.386016,-0.1648979,-0.4091142,1.483286,0.2025554,-0.3015627,1.449267,0.0642121,0.3997304,1.563866,-0.1824623,-0.412905,1.444923,0.2456047,-0.2534861,1.383191,0.06267147,-0.06077321,1.599475,0.05816774,-0.3853205,1.584952,-0.1118872,0.131676,1.586759,-0.02595993,-0.3759275,1.546941,-0.1725749,-0.1139065,1.587555,0.3199064,-0.06185145,1.6109,NA,NA,NotTracked,Unknown,
0.8989258,-0.390625,-0.08447266,0.7827148,0.8256836,0.1508789,-1,1,-1,0,-1,-1,-1,-2,2,2,-2,-1,-2,-1,-3,-1,1.375,1.375,1.375,-1.125,-1.125,-1.125,2.237293,3.184739,5.429461,7.119422,3.647539,3.36606,-0.1639536,-0.4088086,1.481884,0.2154259,-0.3228653,1.458107,0.06482121,0.4001356,1.563243,-0.2039112,-0.4115458,1.4805,0.2120852,-0.3936476,1.474862,0.06261624,-0.06064242,1.599266,0.05813165,-0.3851978,1.584912,-0.1119245,0.131801,1.586694,-0.02595288,-0.3757386,1.546635,-0.172322,-0.1139468,1.587613,0.3152494,-0.06795516,1.61217,NA,NA,NotTracked,Unknown,
0.9091797,-0.409668,-0.07373047,0.8344727,0.668457,0.1777344,-1,-1,-2,-1,-1,-2,0,1,2,0,-1,-1,-2,-1,-1,-2,3.375,3.375,3.375,-15.75,-15.75,-15.75,2.241755,3.185668,5.4273,7.123429,3.552203,3.336835,-0.1633187,-0.4082833,1.482997,0.2212591,-0.3260598,1.465512,0.06501843,0.4000887,1.562967,-0.1792303,-0.4111388,1.442583,0.1875085,-0.3787347,1.464175,0.06261172,-0.06062777,1.599239,0.05813145,-0.3851824,1.584914,-0.1119334,0.1318411,1.586689,-0.02594177,-0.3757087,1.546558,-0.1721325,-0.1140895,1.587698,0.3133959,-0.07215642,1.611491,NA,NA,NotTracked,Unknown,
0.9072266,-0.3876953,-0.08837891,0.8105469,0.6523438,0.1411133,-1,-1,-2,-2,0,-1,-1,-2,-10,0,-2,-1,-1,0,-1,-4,5.4375,5.4375,5.4375,-1.6875,-1.6875,-1.6875,2.244468,3.183366,5.430476,7.152592,3.451383,3.2945,-0.1636766,-0.4094672,1.482563,0.2225309,-0.3321905,1.469571,0.06508448,0.4000454,1.562763,-0.2049254,-0.4105414,1.488714,0.169189,-0.3176932,1.466058,0.06261938,-0.06064098,1.599151,0.05814246,-0.3851823,1.584893,-0.1119465,0.1318309,1.586658,-0.02590143,-0.3757415,1.546389,-0.1720076,-0.1142772,1.587708,0.3094621,-0.08440472,1.609211,NA,NA,NotTracked,NotTracked,
0.9086914,-0.4033203,-0.08447266,0.7856445,0.6079102,0.1118164,-1,0,0,-2,-1,-2,-1,-3,-2,0,-1,-1,-3,-1,-1,-3,0.75,0.75,0.75,-3.875,-3.875,-3.875,2.23995,3.180787,5.43656,7.167319,3.424217,3.274557,-0.1628073,-0.4082155,1.483162,0.2257041,-0.3401426,1.470963,0.06529045,0.4001195,1.562536,-0.1788144,-0.4095051,1.443991,0.1698569,-0.3187741,1.46602,0.06265593,-0.06062647,1.599002,0.0582096,-0.3851626,1.584837,-0.1119374,0.1318531,1.586565,-0.0257832,-0.3757217,1.546223,-0.1718092,-0.1142743,1.587655,0.308267,-0.08902748,1.607907,NA,NA,NotTracked,NotTracked,
0.9018555,-0.4067383,-0.07080078,0.8774414,0.4658203,0.07714844,-4,-2,-1,0,-1,-2,-2,0,2,0,-1,-1,0,-2,0,0,2,2,2,5.5,5.5,5.5,2.228981,3.176625,5.453921,7.271659,3.318792,3.151197,-0.1638001,-0.4096673,1.484245,0.2480659,-0.3575065,1.466444,0.06541066,0.4001205,1.562388,-0.2048659,-0.4114159,1.49055,0.2118018,-0.3556415,1.485456,0.06282713,-0.06058525,1.598891,0.05844915,-0.3851159,1.584796,-0.1119987,0.1317764,1.586527,-0.02547184,-0.3757091,1.546094,-0.1712745,-0.1151106,1.587877,0.3051065,-0.09684457,1.605132,NA,NA,NotTracked,NotTracked,
0.9106445,-0.4282227,-0.06005859,0.9360352,0.5151367,0.03222656,-3,0,-2,-1,-2,0,-1,-1,4,-1,-2,1,1,-2,2,2,0.8125,0.8125,0.8125,4.4375,4.4375,4.4375,2.224542,3.174731,5.460555,7.347783,3.28002,3.073169,-0.1646573,-0.4104226,1.487432,0.2500589,-0.3746619,1.47379,0.06558704,0.4001955,1.562248,-0.207349,-0.4050665,1.499322,0.2065649,-0.3834994,1.476562,0.06297892,-0.06055753,1.598795,0.0587156,-0.3851393,1.584764,-0.1119678,0.1317683,1.586503,-0.02515103,-0.3757756,1.546007,-0.1708092,-0.1160141,1.588175,0.3024873,-0.1019412,1.602332,NA,NA,NotTracked,NotTracked,
0.918457,-0.4272461,-0.06787109,0.9311523,0.4848633,0.003417969,-1,-1,1,-1,-2,-1,-1,-2,-8,-6,-1,-1,0,0,-2,-3,1.25,1.25,1.25,-10.25,-10.25,-10.25,2.223893,3.174076,5.462058,7.401415,3.251532,3.005787,-0.1642405,-0.4097152,1.486341,0.250751,-0.3811587,1.474893,0.06563477,0.4001858,1.562196,-0.2066796,-0.4071548,1.496333,0.2048999,-0.3886305,1.472688,0.06305803,-0.06055463,1.598712,0.05898345,-0.3851629,1.584688,-0.1119755,0.1317266,1.586503,-0.02479968,-0.3758084,1.545827,-0.1706951,-0.1161454,1.588278,0.3012136,-0.1051336,1.600357,NA,NA,NotTracked,NotTracked,
0.8974609,-0.4335938,-0.05712891,0.9194336,0.4213867,-0.002929688,0,-1,-1,0,-2,-2,0,-1,1,0,-1,-1,-3,-2,0,-2,2.25,2.25,2.25,-12.25,-12.25,-12.25,2.230908,3.175649,5.458389,7.434519,3.22727,2.953177,-0.1631714,-0.4093326,1.486425,0.2519988,-0.3856455,1.476573,0.06567026,0.4002042,1.562149,-0.2050902,-0.4134858,1.492689,0.2044528,-0.3917285,1.471197,0.06313625,-0.06053678,1.598661,0.05907987,-0.3851554,1.584688,-0.1119728,0.1317274,1.586503,-0.02466611,-0.3757994,1.545804,-0.1704207,-0.1165153,1.588532,0.3001866,-0.1069187,1.598759,NA,NA,NotTracked,NotTracked,
0.8950195,-0.4228516,-0.07080078,0.90625,0.4194336,0.0004882813,0,1,-1,-1,-1,-1,-1,0,0,-1,-2,-2,-2,-1,0,-3,2.875,2.875,2.875,1.5625,1.5625,1.5625,2.237742,3.178622,5.454899,7.465224,3.211035,2.917049,-0.1634758,-0.410261,1.487249,0.2537706,-0.3884293,1.479274,0.06573261,0.4002605,1.562135,-0.2062645,-0.4089262,1.500876,0.2036771,-0.3987547,1.469635,0.06328826,-0.06048524,1.598627,0.05930933,-0.385097,1.584761,-0.1119648,0.1317498,1.586528,-0.02439194,-0.3757365,1.545852,-0.1702612,-0.1166667,1.588799,0.2996288,-0.1076515,1.598409,NA,NA,NotTracked,NotTracked,
0.8989258,-0.4238281,-0.06933594,0.8984375,0.4321289,-0.008789063,-2,-3,0,-1,-2,-1,-2,-1,11,-2,-1,-1,1,-1,-1,-1,1.9375,1.9375,1.9375,5.5625,5.5625,5.5625,2.239969,3.179757,5.453575,7.480748,3.206695,2.903534,-0.1630535,-0.4101101,1.486237,0.2548383,-0.3910568,1.479262,0.06577045,0.4002655,1.562171,-0.2061997,-0.4044355,1.498416,0.2047301,-0.401632,1.469468,0.06332931,-0.06049788,1.598622,0.05958994,-0.3851479,1.584823,-0.111974,0.1317009,1.586561,-0.02407699,-0.3758298,1.545849,-0.1700303,-0.1168801,1.588965,0.2990376,-0.1087101,1.597534,NA,NA,NotTracked,NotTracked,
0.9047852,-0.4160156,-0.07763672,0.8959961,0.4467773,-0.002441406,-1,-1,-2,0,-1,-2,-1,-1,-2,-1,1,-1,1,0,-1,-1,1.25,1.25,1.25,1.5625,1.5625,1.5625,2.243254,3.182251,5.451455,7.504598,3.202095,2.881545,-0.1615656,-0.4086538,1.485869,0.2554825,-0.3933178,1.478219,0.0657982,0.4002789,1.562174,-0.2040915,-0.4008352,1.494324,0.2071424,-0.3944393,1.473251,0.06348817,-0.06044184,1.598573,0.05984477,-0.3850967,1.584779,-0.1120093,0.131672,1.58659,-0.02378835,-0.3758053,1.545814,-0.1697302,-0.1172727,1.589048,0.2986781,-0.1090127,1.597045,NA,NA,NotTracked,NotTracked,
0.9057617,-0.4243164,-0.07275391,0.8862305,0.4296875,-0.001464844,-2,-2,-1,-1,0,-1,0,0,-5,-2,0,-1,0,-3,-1,-1,0.1875,0.1875,0.1875,-5.0625,-5.0625,-5.0625,2.245142,3.184757,5.449761,7.516052,3.199146,2.86434,-0.1619254,-0.4092782,1.485625,0.2561825,-0.3940826,1.479579,0.06582573,0.4002994,1.562178,-0.1780537,-0.4134483,1.4448,0.2065539,-0.3945072,1.472838,0.0636066,-0.06040403,1.598557,0.06001863,-0.3850495,1.584803,-0.1120156,0.1316587,1.58661,-0.02359241,-0.3757751,1.545849,-0.1697061,-0.117392,1.589086,0.2984121,-0.1096055,1.596414,NA,NA,NotTracked,NotTracked,
0.8999023,-0.4042969,-0.07617188,0.8813477,0.4150391,-0.00390625,-1,-2,1,0,0,0,-2,-2,-5,-1,1,0,-3,0,-1,-2,0.1875,0.1875,0.1875,-4.625,-4.625,-4.625,2.245985,3.185624,5.448393,7.524366,3.196893,2.848879,-0.1618271,-0.4096495,1.485272,0.2568285,-0.3944682,1.480684,0.06583752,0.4003143,1.56218,-0.2046756,-0.4125645,1.492692,0.2086041,-0.4079418,1.472636,0.06365122,-0.06040769,1.598569,0.06017574,-0.3851475,1.584848,-0.112023,0.1316335,1.586632,-0.02341943,-0.3759136,1.545905,-0.1696017,-0.1174747,1.589182,0.2981074,-0.1102005,1.596032,NA,NA,NotTracked,NotTracked,
0.90625,-0.4267578,-0.06640625,0.8823242,0.425293,-0.015625,-1,-2,-1,-3,-2,0,-1,0,-2,-2,-1,-1,-1,0,-1,-2,-2.75,-2.75,-2.75,-2.875,-2.875,-2.875,2.242408,3.186756,5.447335,7.544971,3.195604,2.822854,-0.1608521,-0.4083805,1.48529,0.2588448,-0.3971442,1.48015,0.06595922,0.4004396,1.562176,-0.191384,-0.4171077,1.457157,0.2080195,-0.4052435,1.47189,0.06380299,-0.06039097,1.5985,0.06045035,-0.3851884,1.584819,-0.1120392,0.1315969,1.586654,-0.02311024,-0.3759935,1.545799,-0.169459,-0.1177728,1.589161,0.2973404,-0.1118815,1.595282,NA,NA,NotTracked,NotTracked,
0.9042969,-0.4101563,-0.07470703,0.8798828,0.4101563,-0.009277344,-2,-1,-2,-1,-1,-2,-2,-1,5,0,-1,0,-1,0,1,0,-1.125,-1.125,-1.125,-5.6875,-5.6875,-5.6875,2.241257,3.186783,5.447985,7.547545,3.194522,2.813172,-0.1618727,-0.4089138,1.485072,0.2597708,-0.3972582,1.480791,0.06597333,0.4004341,1.562229,-0.2047938,-0.4077059,1.492632,0.2095856,-0.406917,1.473026,0.06395686,-0.06039178,1.598524,0.06063746,-0.3851925,1.584867,-0.1120848,0.1315798,1.58673,-0.02289955,-0.3760046,1.545894,-0.1694368,-0.1178845,1.589192,0.2971685,-0.1123924,1.595178,NA,NA,NotTracked,NotTracked,
0.9033203,-0.4106445,-0.06933594,0.8842773,0.3964844,-0.01025391,-1,-1,-1,1,0,-2,-2,1,-3,2,0,-1,1,0,0,-2,-2.8125,-2.8125,-2.8125,-3.1875,-3.1875,-3.1875,2.239255,3.186219,5.448041,7.549004,3.19357,2.809566,-0.1624278,-0.408887,1.485088,0.2605467,-0.3981332,1.481437,0.06600822,0.4004748,1.56229,-0.2060701,-0.4103017,1.4958,0.2142241,-0.4088687,1.479651,0.06410742,-0.06035288,1.598643,0.06084382,-0.3851608,1.584989,-0.1120689,0.1316038,1.586724,-0.02267853,-0.3759716,1.546029,-0.1694982,-0.1179231,1.589134,0.2971199,-0.1124435,1.595143,NA,NA,NotTracked,NotTracked,
0.902832,-0.4150391,-0.06591797,0.8837891,0.4135742,-0.005859375,-1,-1,-2,0,-1,-1,-2,-1,-1,-1,-1,0,-1,-2,0,-2,-1.875,-1.875,-1.875,1.5,1.5,1.5,2.238687,3.18643,5.44483,7.554258,3.19193,2.804128,-0.1615085,-0.4080401,1.484594,0.260266,-0.3976851,1.481215,0.06604364,0.4005003,1.562304,-0.2037795,-0.4023295,1.491263,0.2090299,-0.4028423,1.47366,0.06418386,-0.06035583,1.598601,0.06097297,-0.3851742,1.584983,-0.1120752,0.1315519,1.58668,-0.0225125,-0.3759886,1.546003,-0.1695107,-0.1179378,1.589128,0.2970545,-0.11254,1.595042,NA,NA,NotTracked,NotTracked,
0.9042969,-0.4194336,-0.06542969,0.8774414,0.4233398,-0.01220703,-1,1,-1,-1,0,-1,-1,-2,16,-2,2,-2,1,-1,1,4,-1.5,-1.5,-1.5,-0.1875,-0.1875,-0.1875,2.238828,3.186337,5.443701,7.559713,3.191481,2.798947,-0.1611614,-0.4080129,1.484749,0.2606573,-0.3975704,1.48139,0.06608619,0.4005925,1.562348,-0.2074158,-0.4010091,1.499556,0.2126786,-0.4081596,1.476834,0.06422311,-0.06035668,1.598614,0.06109713,-0.3851566,1.585025,-0.1120983,0.1315231,1.586703,-0.02236177,-0.3759961,1.546031,-0.1694794,-0.1179165,1.58912,0.2970058,-0.112572,1.595016,NA,NA,NotTracked,NotTracked,
0.9047852,-0.4169922,-0.05810547,0.8735352,0.4042969,-0.01171875,-2,-1,0,-3,-1,0,-2,-2,12,5,0,-3,-2,-3,-3,-5,-1.6875,-1.6875,-1.6875,-1.0625,-1.0625,-1.0625,2.240065,3.186183,5.440871,7.561886,3.189783,2.795174,-0.1605722,-0.4076794,1.484365,0.2607265,-0.3971162,1.481332,0.06606919,0.4006,1.562337,-0.1922109,-0.4167205,1.458113,0.21209,-0.4051152,1.476888,0.06424414,-0.06036165,1.598594,0.06122729,-0.3851998,1.584983,-0.1121501,0.1314949,1.586696,-0.02220542,-0.3760412,1.545933,-0.1695008,-0.1179933,1.588999,0.2968586,-0.112745,1.594894,NA,NA,NotTracked,NotTracked,
0.9052734,-0.4101563,-0.06835938,0.8779297,0.4125977,-0.01367188,-1,-1,-3,-2,-2,-3,0,-2,-7,-3,-1,-1,-1,-2,-1,0,0.125,0.125,0.125,1.25,1.25,1.25,2.240065,3.186183,5.440871,7.56471,3.188083,2.792307,-0.1625509,-0.4089947,1.484476,0.2611726,-0.397859,1.482572,0.06608099,0.4005768,1.562456,-0.2051176,-0.4076602,1.492435,0.2117937,-0.4034068,1.476929,0.06427721,-0.06037613,1.598641,0.06134815,-0.3852603,1.585075,-0.1121712,0.1314939,1.586692,-0.02209331,-0.3761016,1.546002,-0.1694948,-0.1180209,1.588995,0.2968106,-0.1129933,1.594851,NA,NA,NotTracked,NotTracked,
0.9018555,-0.4121094,-0.06201172,0.8793945,0.4248047,-0.01611328,-2,-1,0,-1,-2,-1,1,-1,-1,0,-1,-1,-2,0,0,-1,-0.75,-0.75,-0.75,-0.3125,-0.3125,-0.3125,2.242218,3.185281,5.43797,7.568498,3.187917,2.788657,-0.1610464,-0.408688,1.485423,0.2612925,-0.3979253,1.482186,0.06607848,0.4005768,1.562448,-0.2070088,-0.4115635,1.500364,0.2115856,-0.4048796,1.476987,0.0643178,-0.06037688,1.598637,0.06140984,-0.3852835,1.585096,-0.1121753,0.1314975,1.58669,-0.02203061,-0.3761461,1.546013,-0.1695071,-0.1181393,1.588987,0.2967544,-0.1129938,1.594788,NA,NA,NotTracked,NotTracked,
0.9042969,-0.4194336,-0.06005859,0.8818359,0.4213867,-0.02294922,-1,-1,-1,-1,-2,0,-2,-2,-7,-6,-1,-2,0,-1,2,1,-0.8125,-0.8125,-0.8125,-0.75,-0.75,-0.75,2.243892,3.185642,5.435963,7.570405,3.187568,2.786175,-0.1613113,-0.4088932,1.483767,0.261314,-0.3980211,1.482966,0.06607261,0.4005865,1.562453,-0.2019921,-0.3983349,1.489571,0.2126774,-0.4038266,1.479408,0.06438275,-0.06039483,1.598678,0.06149376,-0.3853268,1.58514,-0.1121938,0.1314793,1.586686,-0.02195697,-0.376182,1.546065,-0.1695205,-0.1181488,1.588984,0.2967294,-0.1129969,1.594799,NA,NA,NotTracked,NotTracked,
0.9033203,-0.4125977,-0.07177734,0.8774414,0.4106445,-0.01953125,-1,0,-1,0,-1,-2,0,-1,-13,-1,-1,-1,0,-1,0,-3,0.125,0.125,0.125,-0.25,-0.25,-0.25,2.244335,3.184775,5.435069,7.571734,3.186697,2.783975,-0.1607896,-0.4082188,1.483926,0.2610908,-0.3982812,1.482656,0.06605777,0.4005863,1.562441,-0.1772781,-0.4098347,1.443102,0.2112218,-0.4045411,1.476236,0.06442133,-0.06041027,1.598686,0.06158379,-0.3853588,1.585162,-0.1122495,0.1314244,1.586636,-0.02186425,-0.3762213,1.546077,-0.1695324,-0.1181461,1.588956,0.2965376,-0.1132948,1.594757,NA,NA,NotTracked,NotTracked,
